Step TotEng v_varAveEnergy v_energySTD Temp v_varAveTemp v_tempSTD Volume v_varAveVolume v_volumeSTD Press v_varAvePress v_pressSTD c_MSD[4] 
  480000   -7584.0831   -7581.5375    1.2436213    291.65808     301.2658    4.8152112    24270.309    24270.309  0.002264067   -1303.5526   -1127.5844    154.25642 7.5752217e-29 
  485000   -7584.2008   -7581.8717    1.4862319    295.72268    300.09002    3.4852702    24270.309    24270.309  0.002264067   -1453.5383   -1172.7148    242.69589  0.028333423 
  490000   -7578.6529   -7581.5933    1.4184853    307.03337    300.16647    4.9787025    24270.309    24270.309  0.002264067   -724.25607   -1083.3486    145.75195  0.032957971 
  495000   -7582.1412   -7582.5438   0.92432786    304.59097    299.95077    4.8606635    24270.309    24270.309  0.002264067   -1378.1494   -1217.1059    223.09517  0.033568345 
  500000   -7584.5216   -7581.7065     1.631641    293.75034    301.65683    5.2048838    24270.309    24270.309  0.002264067   -1370.0707   -1197.1528    109.65516  0.035281283 
  505000   -7579.9213    -7581.356    1.7184175    302.35781    300.51963    5.1468292    24270.309    24270.309  0.002264067   -771.97841   -1050.1979    236.63162  0.034726318 
  510000   -7580.7602   -7580.4172    1.2251658    302.54766    299.31457    4.6843577    24270.309    24270.309  0.002264067   -1100.6798   -915.18412    111.99883  0.034141484 
  515000   -7580.5614   -7582.3249    1.8339734     301.0465    301.66544     5.229008    24270.309    24270.309  0.002264067   -858.41215   -1241.0159    206.59367   0.03701167 
  520000    -7584.545   -7582.9958    1.1197535    291.52703    296.32715    4.1065813    24270.309    24270.309  0.002264067   -1317.3576   -1243.9761    58.911054  0.036322271 
  525000   -7580.6654   -7581.1997    1.1335142    304.45893    301.48266    4.4205737    24270.309    24270.309  0.002264067   -1060.6314   -1079.0411    118.53342  0.036847433 
  530000   -7582.6312   -7581.9594     1.553679    304.91777    302.50104    6.0389285    24270.309    24270.309  0.002264067   -1545.8286   -1313.1146    127.51387   0.03814164 
  535000   -7581.0682   -7582.1745    1.8297658    305.68013    299.35855    4.9194398    24270.309    24270.309  0.002264067   -1291.8588   -1273.9951    232.70245    0.0369306 
  540000   -7579.2912   -7582.1706    1.6991624    307.86402    301.63861    3.8431553    24270.309    24270.309  0.002264067   -979.74592   -1308.6685    253.39357  0.036243111 
  545000   -7585.8088   -7583.4695    1.6033618    299.11428     302.1218    4.3607205    24270.309    24270.309  0.002264067   -1974.9074   -1668.5025    170.77176  0.034681309 
  550000   -7582.4602    -7580.118    1.4291481    290.66896     302.1974    4.7333707    24270.309    24270.309  0.002264067   -615.03749   -770.43126    189.76928  0.036865345 
  555000   -7582.7369   -7583.1622    1.8763702    304.68835    300.79007    5.2988055    24270.309    24270.309  0.002264067   -1502.4199    -1445.442    342.97162  0.038211616 
  560000   -7580.9693   -7581.1779    1.8881285    301.80884     301.4438      5.65523    24270.309    24270.309  0.002264067   -1006.9917   -1099.7627    165.19292   0.03838196 
  565000   -7578.9523    -7582.916    1.6162294    306.06589    299.10949    6.4235371    24270.309    24270.309  0.002264067   -615.87806    -1279.912     300.7897  0.039719156 
  570000   -7581.3872   -7581.7967    1.9944279    308.43688     300.2023    5.5836159    24270.309    24270.309  0.002264067   -1329.9031   -1091.4201    213.62714  0.038434308 
  575000   -7580.4464   -7582.3455     1.550457     311.7647    299.52892    6.3086166    24270.309    24270.309  0.002264067   -1381.7383   -1166.2332    287.74776  0.038433398 
  580000   -7581.5207   -7581.9341    1.4259393    302.39437    301.09545    4.6000553    24270.309    24270.309  0.002264067   -1170.8394   -1235.8088    125.80698  0.038803355 
  585000   -7584.0836    -7584.391    1.6545531    295.74417    297.03416    4.6165173    24270.309    24270.309  0.002264067    -1343.845   -1496.6568    258.37525  0.037801262 
  590000   -7584.8556   -7583.4223    1.5844237    296.45134    300.70688    4.9431994    24270.309    24270.309  0.002264067   -1733.4155   -1588.7898    254.88074  0.037536206 
  595000   -7581.3274   -7582.2574    2.0289304    299.69479    301.79396    6.3020195    24270.309    24270.309  0.002264067   -999.59383   -1333.3523    217.97918  0.037687761 
  600000   -7582.4013   -7584.2576    1.1676833    299.40853    300.41305    3.8647942    24270.309    24270.309  0.002264067   -1160.8618   -1693.2353    188.54042  0.038428591 
  605000   -7578.8814   -7582.1019    1.8525418    304.28883    300.59477    5.1407287    24270.309    24270.309  0.002264067   -707.60728   -1190.8479    317.42568  0.040246122 
  610000    -7584.536   -7583.1134     1.814604     292.5638     298.8479    5.6499277    24270.309    24270.309  0.002264067   -1436.9822   -1412.9397     245.7812  0.039964643 
  615000   -7581.3125   -7581.8623    1.2748245    302.41324    296.98628    4.4343966    24270.309    24270.309  0.002264067   -1174.3033    -1057.348     211.2774  0.040136809 
  620000    -7581.992   -7582.3453    1.0251615    293.53967    298.86769    4.3455704    24270.309    24270.309  0.002264067   -819.63491    -1212.593    126.29764  0.039391384 
  625000    -7582.475   -7581.5522    1.3871562    295.32822     298.8197    6.2374633    24270.309    24270.309  0.002264067   -1085.3159   -950.12331    167.35235  0.040113683 
  630000   -7579.4827   -7582.8425    1.7178888    301.10271     299.2893     4.824003    24270.309    24270.309  0.002264067   -678.07751   -1344.3256     229.5895  0.038506914 
  635000   -7582.1746   -7582.3995    1.6825977    302.22195    300.35646    4.8872785    24270.309    24270.309  0.002264067   -1258.5002    -1264.938    180.79548  0.039292208 
  640000   -7581.2181   -7582.0336    1.4768544     298.1931    300.79143    4.2757274    24270.309    24270.309  0.002264067   -824.71767   -1198.6059    202.66632  0.039435976 
  645000   -7580.7452   -7582.3444    1.5952324    302.29556    300.52493    5.9919854    24270.309    24270.309  0.002264067   -996.55173   -1310.9393    338.92805  0.037677887 
  650000    -7582.065   -7581.9617    1.2900151    300.31978    299.82306    4.1388909    24270.309    24270.309  0.002264067   -1280.7699   -1206.3463    164.65273  0.038449111 
  655000   -7585.5508   -7582.2053    1.9376889    290.42867    300.19246    4.8142418    24270.309    24270.309  0.002264067   -1489.3031   -1209.4387    316.26763  0.037983179 
  660000   -7583.7468    -7582.441    1.1489852    297.29148    302.58574    3.8100555    24270.309    24270.309  0.002264067   -1399.3696   -1432.8339    79.947037  0.038426292 
  665000   -7581.8399   -7582.4405    1.2476179    299.40264     297.0077    4.9738212    24270.309    24270.309  0.002264067    -1095.878    -1100.134     84.70835  0.039808113 
  670000   -7580.5582   -7582.0188    1.6080882    309.71827    300.18946    5.3085621    24270.309    24270.309  0.002264067   -1246.4455   -1072.1658     281.0756  0.038811112 
  675000   -7582.1003   -7582.2317    1.4390467    299.50795    299.32357    5.3681656    24270.309    24270.309  0.002264067   -1129.3012   -1155.7343    120.23964  0.037846344 
  680000   -7578.5282   -7580.1821    1.0629979    305.89061    299.67744    4.7828282    24270.309    24270.309  0.002264067   -685.28563   -784.78974    157.16583  0.038728327 
  685000   -7583.1518   -7581.7828    1.3022381     296.9439    301.38756    5.5772221    24270.309    24270.309  0.002264067   -1258.0939   -1167.1723    188.82751  0.037733499 
  690000   -7584.5581   -7584.4375    1.0172988    294.77803    297.63496    4.0977453    24270.309    24270.309  0.002264067    -1572.028   -1637.5385    105.96963  0.038870937 
  695000   -7579.9629   -7580.6849    1.2828417    306.55582    298.41919    4.8852386    24270.309    24270.309  0.002264067   -1019.7328   -810.96074    169.21088  0.039395872 
  700000   -7584.2836   -7581.8636    1.5934383     291.6869    302.32953    5.2322102    24270.309    24270.309  0.002264067   -1345.0668   -1232.2092    183.21705  0.038870088 
  705000   -7584.2993    -7583.476    2.0183453    303.01333    298.98062    4.9491705    24270.309    24270.309  0.002264067   -1835.3616   -1427.9525     296.4301  0.037605264 
  710000   -7583.3935   -7583.0439    1.2842499    296.11504    301.45319    4.5097689    24270.309    24270.309  0.002264067   -1239.3738   -1432.2217    206.98009  0.037921235 
  715000    -7582.266   -7583.6403     1.681869    307.66879    300.80911    3.6674129    24270.309    24270.309  0.002264067    -1573.817   -1571.7148    257.78798  0.038200113 
  720000   -7580.2293   -7582.3161    1.4218924    298.02095     299.7719    5.4288791    24270.309    24270.309  0.002264067   -628.04696   -1240.1736    239.85901   0.03741449 
  725000   -7581.5124   -7580.6111     1.553446    293.77282    300.65149    4.1776165    24270.309    24270.309  0.002264067   -859.28402   -983.52506    218.65315  0.037168876 
  730000   -7581.7791   -7581.7996    1.4130453    297.98151     299.7668    5.1724122    24270.309    24270.309  0.002264067   -1065.8051   -1105.6704    95.486972  0.036955189 
  735000   -7580.1276   -7583.6889    2.4823135    303.27212    299.23501    4.8650182    24270.309    24270.309  0.002264067   -931.36066   -1456.0702    393.33759   0.03686844 
  740000   -7583.4111   -7584.1136    1.7002367    297.90318    299.40099    6.2359786    24270.309    24270.309  0.002264067   -1447.7839   -1656.5952    144.07566  0.036868431 
  745000   -7582.1009   -7582.2478     1.867548    291.63168    298.74042    4.8197732    24270.309    24270.309  0.002264067     -787.969   -1097.1269    314.07976  0.037225015 
  750000   -7581.2788   -7583.1874    1.0736788    302.09216     296.5222    5.0858317    24270.309    24270.309  0.002264067   -1091.2804   -1237.8665    224.22724  0.038244746 
  755000   -7577.7028   -7580.8409    2.2097108    307.60377    299.86873    6.1521668    24270.309    24270.309  0.002264067   -525.38835   -885.55097    351.57115  0.040046283 
  760000   -7582.4098   -7583.1856    1.1957713    299.88255    302.90155    4.6908592    24270.309    24270.309  0.002264067   -1248.5977   -1592.2812    130.02436    0.0375926 
  765000   -7582.6883   -7582.2214     1.569885    300.71617    300.16329    5.5284724    24270.309    24270.309  0.002264067   -1432.4017   -1242.2033    130.54839  0.037375241 
  770000   -7583.2256    -7583.517    1.2222064    299.31524    298.45326    4.5524149    24270.309    24270.309  0.002264067   -1502.6051   -1463.5796     113.9528  0.036437001 
  775000   -7582.7563   -7581.3351    1.2341952    298.35665    302.57661    5.0179857    24270.309    24270.309  0.002264067   -1303.4834   -1235.6231    54.392493  0.036133675 
  780000   -7582.3574   -7583.6391    1.1938331    310.59392    299.12272    5.3650684    24270.309    24270.309  0.002264067   -1853.5629   -1575.0054    181.03028  0.035198927 
  785000   -7584.8667   -7581.8751    1.7622478    298.38375    303.15027    5.0783812    24270.309    24270.309  0.002264067   -1709.0997    -1294.645    183.99463  0.036057041 
  790000   -7576.8963   -7581.4492    1.5739001    311.11409    300.87391    4.0252771    24270.309    24270.309  0.002264067   -547.77597   -1120.4533      254.344  0.036848916 
  795000   -7579.6946     -7578.66    1.7728154    298.24033     302.9161    4.8823396    24270.309    24270.309  0.002264067   -575.37185    -556.2554    428.37885  0.038845167 
  800000    -7585.355   -7582.6567    1.2756637    291.60975    296.57502    3.9443071    24270.309    24270.309  0.002264067   -1584.2262   -1204.8366    156.26685  0.037226994 
  805000   -7583.3419   -7583.7263    1.6179781    303.48192    300.07824    4.6847395    24270.309    24270.309  0.002264067   -1695.2762   -1581.9684    247.72292  0.036280158 
  810000   -7582.8111   -7580.5568    1.3530792    300.04744    301.44159    4.6775884    24270.309    24270.309  0.002264067    -1375.931   -915.43569    168.47964  0.035948386 
  815000   -7583.1565   -7584.2766    1.0704344    299.92721    300.12787    5.0238131    24270.309    24270.309  0.002264067   -1415.1871   -1656.7765    137.57146  0.036241151 
  820000   -7580.9248   -7581.7305    1.9374638    301.45717    300.54513    5.5935567    24270.309    24270.309  0.002264067   -972.38957   -1056.5029    241.22551  0.035786673 
  825000   -7582.4896   -7582.5357    2.0677876    290.92401    299.25829    6.9735127    24270.309    24270.309  0.002264067   -827.08136   -1175.4501    193.05261  0.037526101 
  830000   -7579.6702   -7580.6854    1.4878267    304.71636    299.53532    4.9511646    24270.309    24270.309  0.002264067   -857.93397   -865.80234    190.32364  0.035978803 
  835000    -7578.536   -7580.9144     1.541774    302.85399    301.35909    5.1678717    24270.309    24270.309  0.002264067   -487.54516   -955.46164    219.01994  0.037136457 
  840000    -7582.655   -7581.8389    1.2612482    303.69265    302.10554    5.3724511    24270.309    24270.309  0.002264067   -1277.1673   -1083.3241    141.48068  0.036838316 
  845000   -7581.4676   -7581.2426    1.8843783    300.15596    299.57323    6.8695525    24270.309    24270.309  0.002264067   -1059.3934   -967.06386    164.96012  0.037693621 
  850000   -7582.8212   -7583.3854    2.3031748    304.57273    299.63034    5.6362978    24270.309    24270.309  0.002264067   -1651.6709   -1521.0876    291.27966  0.037542378 
  855000   -7582.2823   -7582.6191    1.2196588    299.63402    299.10686    4.4212777    24270.309    24270.309  0.002264067   -1165.9256   -1242.4609    139.40043  0.038363321 
  860000   -7580.2665   -7582.4418    1.8848558    303.38329    298.56893    4.3942392    24270.309    24270.309  0.002264067   -1036.4555   -1228.2185     369.9137  0.036901395 
  865000   -7584.7412   -7583.7483    1.8264698    297.36158    299.14809    6.1835079    24270.309    24270.309  0.002264067   -1677.2315   -1557.3271    128.99447  0.037406812 
  870000   -7582.1425   -7580.4182    1.4018311    292.20345    299.21388     5.038228    24270.309    24270.309  0.002264067   -910.49394    -818.7971    115.93653  0.038287748 
  875000   -7580.7115   -7580.4241    1.5242251    297.93188     301.1388    4.7409531    24270.309    24270.309  0.002264067   -897.66977   -921.20133    193.45955  0.038474128 
  880000   -7582.2532   -7582.4916    1.0380665    307.82965    301.11045    4.2201919    24270.309    24270.309  0.002264067   -1562.5466   -1315.8747    166.91087  0.039888544 
  885000   -7580.2226   -7580.4147     1.479433    301.81484    300.41271     4.283736    24270.309    24270.309  0.002264067   -897.38673   -827.74549    186.60552  0.040200445 
  890000   -7580.1139   -7582.4172     1.327939    306.77468    301.01731    4.9724717    24270.309    24270.309  0.002264067   -1044.1287   -1277.5491    141.65456  0.038870506 
  895000   -7582.4343    -7581.004      2.30234    304.26917    299.13066    5.0599419    24270.309    24270.309  0.002264067   -1416.0905    -883.0333    364.34812  0.037944088 
  900000   -7580.0194   -7582.5589    1.8713261     307.3702    297.35255    4.9814815    24270.309    24270.309  0.002264067   -1014.8489   -1202.3779    346.04459  0.037874258 
  905000   -7585.5107   -7583.9823    2.1024365    291.97015    299.14365    8.0074006    24270.309    24270.309  0.002264067   -1630.2412   -1596.7857    187.81301  0.036984859 
  910000   -7583.2109   -7583.3221    1.3900973     294.0013    299.73507    5.1085276    24270.309    24270.309  0.002264067   -1205.9457   -1509.8712    128.21124  0.037466068 
  915000   -7582.2705   -7581.1388    1.2522855    299.28307    298.95546    4.6009822    24270.309    24270.309  0.002264067   -1301.6525   -1034.6894    160.13375  0.036926375 
  920000   -7582.7566   -7580.8045    1.2904968    296.85394    303.92398    4.8424636    24270.309    24270.309  0.002264067   -1020.8857   -1026.8014    119.28573  0.037168848 
  925000   -7578.9127   -7584.4802    2.7231873     308.9877     299.9923    5.9603974    24270.309    24270.309  0.002264067   -761.69318   -1636.8819    436.10486  0.038410108 
  930000   -7583.1372   -7583.3558    1.4073331     299.2901    300.21312    4.6260621    24270.309    24270.309  0.002264067   -1295.8531   -1424.5959    175.82467  0.037984151 
  935000   -7578.6823   -7580.7673    2.5006233    305.33248    302.14975    5.8948635    24270.309    24270.309  0.002264067   -615.31573   -1014.7482    338.77979  0.038352842 
  940000   -7582.4476   -7581.2861    2.1530509    292.77037    300.68178     6.664455    24270.309    24270.309  0.002264067   -998.52756   -1036.8637    223.99756  0.038034407 
  945000   -7581.7476    -7581.642    1.3238858    298.60254    299.93778    4.0356332    24270.309    24270.309  0.002264067   -1000.7072   -1027.5014    135.33276  0.037469929 
  950000   -7583.8279   -7582.8618    1.4103299    302.13912    300.32405    5.0732294    24270.309    24270.309  0.002264067   -1660.3415   -1393.3238    164.78342  0.037255818 
  955000   -7585.8882     -7582.23    2.0713872    293.98235    299.90842    5.4416845    24270.309    24270.309  0.002264067   -1852.6695   -1235.7327    306.62506   0.03663079 
  960000   -7583.9785   -7582.0578     1.442236     299.7934    302.58804    4.1475019    24270.309    24270.309  0.002264067    -1489.366   -1287.9813    182.43329  0.037157907 
  965000   -7581.6874   -7582.0841     1.333354    298.00893    300.53569    5.3122967    24270.309    24270.309  0.002264067   -1045.4797   -1214.6619    121.37277  0.038032882 
  970000   -7584.8487   -7584.8476     1.634106    299.92029    299.54194    5.2717569    24270.309    24270.309  0.002264067   -1716.0312   -1644.7367    200.83167  0.036905364 
  975000   -7582.3029   -7583.6179    1.3870224    302.28551    298.08649    5.8905161    24270.309    24270.309  0.002264067   -1306.9516   -1438.4757    83.011871  0.036880419 
  980000   -7582.2715   -7581.2675    1.2854316    298.04666    297.24118    4.7557933    24270.309    24270.309  0.002264067   -1152.8688   -865.62623    118.17708  0.036716223 
  985000   -7581.1746   -7580.7666    1.1969314    302.57614    301.67247    4.6072626    24270.309    24270.309  0.002264067   -1008.3945   -936.87161    66.643059  0.036450419 
  990000   -7582.0481   -7583.2114    1.0531592    302.48333    300.01319    4.4812101    24270.309    24270.309  0.002264067   -1320.3285   -1436.1022    66.918119  0.035806722 
  995000   -7580.8369   -7583.0291    1.5912085    304.51395     301.8661    4.9727615    24270.309    24270.309  0.002264067   -1095.9187   -1480.2651    209.79375  0.035952076 
 1000000   -7584.9825   -7583.7396    1.4251308    293.58898    299.88972    4.9937567    24270.309    24270.309  0.002264067   -1533.4402   -1552.1617    110.81809  0.037551912 
 1005000   -7584.0439   -7584.0814    1.3943174    301.86191    300.66405    3.6862194    24270.309    24270.309  0.002264067   -1602.0067   -1592.0305    140.76838  0.035922461 
 1010000   -7584.0016   -7582.5806    1.5192318    288.49775    296.93751    7.1391192    24270.309    24270.309  0.002264067   -1069.3622   -1204.9697    124.59043  0.037040204 
 1015000   -7582.2738   -7583.0887    1.2608716    303.75297    301.37682    4.8414415    24270.309    24270.309  0.002264067   -1397.5458   -1449.7912    97.905382  0.036920214 
 1020000   -7581.8688   -7582.7447     1.701118    298.99131    299.41832    5.8058965    24270.309    24270.309  0.002264067   -1034.3981   -1253.7696    298.65005  0.038834719 
 1025000    -7581.922   -7581.4149      1.45631    299.03389    298.06433    4.5066853    24270.309    24270.309  0.002264067   -1165.5917   -995.39655    154.76024  0.038673635 
 1030000   -7579.8386   -7581.4873     1.245692    303.83269    300.16354    4.4982039    24270.309    24270.309  0.002264067   -854.42263    -1017.214      82.6591  0.038544552 
 1035000   -7582.1156   -7581.5477     1.361058    303.66455    301.16161    4.8640017    24270.309    24270.309  0.002264067   -1263.9862   -1076.7898    188.61394  0.038269479 
 1040000   -7582.9235    -7582.922     1.486762    301.03284    300.14757    4.2981574    24270.309    24270.309  0.002264067   -1409.7992   -1221.6619    209.67861  0.038310507 
 1045000   -7584.7787   -7580.7758    1.2350051    286.85781    301.59067    4.2241891    24270.309    24270.309  0.002264067   -1279.5499   -1009.6356    113.18839  0.040109279 
 1050000   -7578.9626   -7579.3824    2.1234131    297.47329    301.80692     4.450009    24270.309    24270.309  0.002264067   -369.14881   -694.37861    348.98825  0.039384067 
 1055000   -7580.6166    -7580.013    1.5022667     300.7156    299.89341    4.4791525    24270.309    24270.309  0.002264067   -923.18157   -778.87406    187.57185  0.039109283 
 1060000   -7584.0735   -7581.8512    1.5489623    295.45054    299.34865    5.6032235    24270.309    24270.309  0.002264067   -1384.7055    -1101.573    238.41258  0.037669086 
 1065000   -7580.3689   -7582.3424    1.7299506    303.95667    299.02465    7.2751994    24270.309    24270.309  0.002264067   -1051.8687   -1252.0914    166.62426  0.037849468 
 1070000   -7583.2674   -7582.0013    1.3984749    299.10265    300.45018    5.3945047    24270.309    24270.309  0.002264067   -1393.3899   -1172.7277    168.29434  0.036412976 
 1075000   -7583.8059   -7584.6097    1.3410895    302.97649    302.36689    3.8367458    24270.309    24270.309  0.002264067   -1641.4465   -1874.6274    243.76133   0.03705455 
 1080000   -7585.5248   -7581.7257    1.8314051    287.88842    301.66038    6.0469578    24270.309    24270.309  0.002264067   -1437.6834   -1168.0735    208.42809  0.038066668 
 1085000      -7584.3   -7581.7637     1.550206    292.71838    301.05581    5.3938882    24270.309    24270.309  0.002264067   -1347.5961   -1184.8631    161.70633  0.039041896 
 1090000   -7584.5603   -7583.0325    1.3722686    298.53855    300.71436    6.1015541    24270.309    24270.309  0.002264067   -1700.8133   -1416.7341    132.63015   0.03734565 
 1095000   -7582.7881   -7582.9187    1.3085747    301.19742    301.55247    4.9840799    24270.309    24270.309  0.002264067   -1327.6929   -1413.5073    141.38633  0.036913006 
 1100000   -7582.6861   -7583.2866    1.1199636    300.03084    299.73536    4.4013062    24270.309    24270.309  0.002264067   -1213.7299   -1351.0044    72.444772  0.037742042 
 1105000   -7581.9546   -7583.2789    1.3388415    304.66622    301.18822    5.2403028    24270.309    24270.309  0.002264067   -1345.6484   -1465.3245    121.54168  0.036567182 
 1110000   -7580.1183   -7581.1913    1.1501924    307.99483    299.69502    4.5613231    24270.309    24270.309  0.002264067   -1128.8456   -1004.2208     140.8235  0.038503621 
 1115000   -7586.3868   -7583.0655    1.2453942    288.11703    297.79359    4.2112743    24270.309    24270.309  0.002264067   -1651.5882   -1338.4808    148.10076  0.037521838 
 1120000   -7580.6391   -7583.4716    1.6343664    305.29603    297.64508    5.4565242    24270.309    24270.309  0.002264067   -995.19436   -1329.8953    186.56709  0.039045754 
 1125000    -7583.386   -7582.5077    1.6572988    297.41074     298.9975    4.6070897    24270.309    24270.309  0.002264067   -1257.7388   -1169.4973    197.14532  0.040237796 
 1130000   -7584.0403   -7581.5231    1.8309026    292.17261    299.29133    5.9271949    24270.309    24270.309  0.002264067   -1294.7744     -1020.93     180.2172  0.038618512 
 1135000   -7582.9971   -7581.6437    1.6503751    296.53453    300.90216    5.4019081    24270.309    24270.309  0.002264067   -1152.6553   -1044.0413    176.39612  0.037339287 
 1140000   -7578.2242   -7582.0608    1.7315823    305.75982    299.57072    5.6238344    24270.309    24270.309  0.002264067   -420.05214   -1062.9769     377.4675  0.038941313 
 1145000   -7586.7464    -7583.236    1.5163945    290.01589    299.06012    4.2565791    24270.309    24270.309  0.002264067   -1871.5579   -1531.7441     185.1746  0.038173547 
 1150000   -7585.8128   -7583.1967    1.6309538    289.60414    298.98328    6.0504281    24270.309    24270.309  0.002264067    -1385.393   -1356.3177    141.21728  0.037893272 
 1155000   -7582.6125   -7582.7727    1.4639926    296.33872    297.55555    4.9562246    24270.309    24270.309  0.002264067   -1145.9733   -1174.3466    230.85729  0.037723314 
 1160000   -7580.9121   -7580.8225    1.6168913    303.33671     304.4307    4.8011665    24270.309    24270.309  0.002264067   -1045.4414   -1118.8164    167.37564  0.039319878 
 1165000   -7582.9952   -7582.1659    1.2230798    296.19567    302.20735    4.4341969    24270.309    24270.309  0.002264067   -1177.6415   -1317.6426    121.60692  0.038949659 
 1170000   -7583.9634   -7582.5959    1.8545201    299.96891    298.75208    4.6000677    24270.309    24270.309  0.002264067   -1507.4664   -1154.2737    225.45835  0.038983936 
 1175000   -7585.4695   -7582.9785    1.6239738    293.97309    299.24789      6.18847    24270.309    24270.309  0.002264067   -1637.1422   -1417.0207    186.99676  0.038483536 
 1180000   -7582.8212   -7581.3686     2.094445    299.54603    300.56734    5.5306083    24270.309    24270.309  0.002264067   -1400.4713   -1091.6038    267.24812  0.038202404 
 1185000   -7582.9423   -7580.8229   0.97913439    301.10922    301.68133    4.6610802    24270.309    24270.309  0.002264067   -1417.2719   -998.96472    183.77885  0.038546881 
 1190000   -7586.0852   -7582.3841    2.2736592    294.95214    299.27846    5.3460732    24270.309    24270.309  0.002264067   -1827.1112      -1209.5    330.48747  0.036898645 
 1195000   -7581.9627   -7581.5141    1.4963934    297.73185    304.34359    4.3438475    24270.309    24270.309  0.002264067    -1078.316   -1229.4446    245.05437  0.038977636 
 1200000   -7579.8728   -7580.7265    1.1338621     301.1184    302.93382    4.2588101    24270.309    24270.309  0.002264067   -680.98883   -992.42332    122.71976  0.038777749 
 1205000   -7584.4818   -7582.5626    1.2543385    292.23066    300.35499    4.1009566    24270.309    24270.309  0.002264067   -1450.9455   -1332.4301    144.95524  0.040562608 
 1210000   -7583.7041   -7581.1991    1.7045109     295.8535    299.88576    4.1950687    24270.309    24270.309  0.002264067   -1376.9151   -1034.9876    250.27275  0.039124217 
 1215000   -7582.2164   -7582.6552    1.3462429     298.0479    298.40034    4.7032292    24270.309    24270.309  0.002264067   -1174.8415    -1268.536     201.1617  0.038841537 
 1220000   -7581.3167    -7579.262    1.7876195    299.96082     302.3196    5.5422304    24270.309    24270.309  0.002264067   -989.86194   -641.73303    245.51564   0.04062291 
 1225000   -7580.0825   -7582.2313    1.9479214    301.95191    300.32845    5.1703544    24270.309    24270.309  0.002264067    -890.5781   -1301.6188    302.48865  0.038306808 
 1230000   -7583.8015   -7583.0048    1.3368488    295.63773     298.8258    5.5611084    24270.309    24270.309  0.002264067   -1378.0365   -1322.6945    108.33292  0.036628612 
 1235000   -7581.4886   -7581.5565    1.4616736    303.68914    301.34058    4.9797423    24270.309    24270.309  0.002264067   -1267.6152   -1165.8767    173.17063  0.038040114 
 1240000   -7581.0258   -7583.0806    1.8453942    300.57488     298.0983    6.2445539    24270.309    24270.309  0.002264067   -897.36857   -1207.8925    134.79446  0.038387409 
 1245000   -7582.8157    -7582.468     1.556817    301.49528    299.62078    5.1306416    24270.309    24270.309  0.002264067   -1475.1772   -1304.6059    238.79194  0.037881878 
 1250000   -7583.0487   -7582.1463    1.4676016    298.10005     298.2187    4.9510948    24270.309    24270.309  0.002264067   -1400.1188   -1206.5382    171.83374  0.038333534 
 1255000   -7584.9134   -7583.9608    1.6190194    293.17152    298.80554    4.2381375    24270.309    24270.309  0.002264067   -1451.2602   -1488.0108    223.63883  0.037231218 
 1260000   -7582.1372   -7582.0478    1.2642211    307.19031    303.02377    4.0493168    24270.309    24270.309  0.002264067   -1484.5681   -1300.2617    160.51572   0.03572388 
 1265000    -7583.728   -7581.8267    1.3634222    296.58218    300.64644    4.0271422    24270.309    24270.309  0.002264067   -1329.7986   -1116.3242    125.07074  0.036784022 
 1270000   -7581.8364   -7581.1817    1.2552806    299.31923    299.47103    4.0841613    24270.309    24270.309  0.002264067   -1025.0869   -934.11326    159.79082  0.037716432 
 1275000    -7583.241   -7583.5418    1.3576527    303.46214    298.71865    5.1518639    24270.309    24270.309  0.002264067   -1497.2872   -1348.5859    144.69687  0.038148004 
 1280000   -7578.9921   -7578.4465    1.5076893    305.00165    301.35606    5.9318539    24270.309    24270.309  0.002264067   -808.65591   -496.17402    233.41118  0.040096274 
 1285000   -7581.2304   -7584.0428    1.9301243     303.7462    300.27519    6.2701577    24270.309    24270.309  0.002264067    -1169.504   -1628.9791    220.15143  0.036537211 
 1290000   -7588.1497   -7584.7064    1.6210286     286.9168    299.41452    5.2547059    24270.309    24270.309  0.002264067   -1823.0503    -1678.193    161.30582  0.036749025 
 1295000   -7585.3884   -7582.8299    1.3440661    291.00372    301.25347    7.0051132    24270.309    24270.309  0.002264067   -1469.1604   -1310.2163    136.38987  0.038073637 
 1300000   -7580.9082   -7579.5691    1.2909284    301.35567    302.69775    4.7405513    24270.309    24270.309  0.002264067   -1042.2624   -753.46994    129.42904   0.03771953 
 1305000   -7584.6454   -7584.0702    1.3827444     292.4744    298.47687    6.0814539    24270.309    24270.309  0.002264067   -1220.3698   -1513.6771     200.4624   0.03783966 
 1310000   -7583.5066   -7584.2557    1.5746748    307.20136    299.40082    5.4228927    24270.309    24270.309  0.002264067   -1744.8733   -1551.1745    226.44647  0.037164678 
 1315000   -7583.5504   -7583.0359    1.3939814    299.71982    299.74047    4.6004533    24270.309    24270.309  0.002264067   -1360.9127   -1312.8663    180.13126  0.037690419 
 1320000   -7583.9776   -7584.1504    1.0864974    298.60694    299.31084    3.8709303    24270.309    24270.309  0.002264067   -1555.7566   -1608.5203     131.7666  0.037939223 
 1325000   -7584.6481   -7582.5424    2.3350427    297.12051    300.87994    5.3625889    24270.309    24270.309  0.002264067   -1723.8678   -1320.8393    409.25674  0.037584588 
 1330000   -7584.1111   -7581.6061    1.7872988    289.24653    297.66865    6.0903647    24270.309    24270.309  0.002264067   -1069.7227   -938.43838    108.82237  0.038881881 
 1335000   -7581.3142   -7581.3182    2.1047842    302.12163    303.68231    6.0597119    24270.309    24270.309  0.002264067   -1007.8271   -1164.7968     288.9507  0.039316613 
 1340000   -7580.3529   -7580.3237    1.4891268    307.86342    302.02296    4.8125505    24270.309    24270.309  0.002264067   -1128.6409   -788.66203    224.70863  0.037865613 
 1345000   -7581.3462   -7580.6628    1.3382538    298.82256    298.61135    4.5347552    24270.309    24270.309  0.002264067   -956.18045   -781.42003    170.71513  0.037353003 
 1350000   -7579.6835   -7581.6318    1.2363077    306.93761    300.72044     4.840366    24270.309    24270.309  0.002264067   -978.83688   -1095.6505     78.54449  0.038505729 
 1355000   -7581.5008   -7582.9585    1.3232007    304.44453    298.10722    4.8111005    24270.309    24270.309  0.002264067   -1358.6364   -1365.8954    105.38038  0.040654921 
 1360000   -7583.9137   -7583.0216    1.3129377    295.71311    298.88324     5.495022    24270.309    24270.309  0.002264067   -1280.2434   -1259.9592    113.86923    0.0400226 
 1365000    -7584.631   -7584.1352    1.3108777    292.72037    296.74992    5.4879513    24270.309    24270.309  0.002264067   -1343.7441    -1506.508    114.34184  0.038937052 
 1370000   -7583.7771   -7584.6734    1.1375073    304.40895    299.68347    4.7418559    24270.309    24270.309  0.002264067   -1699.0485   -1702.8277    96.336105  0.038462646 
 1375000   -7583.6886   -7582.0641     1.397352    296.13719     300.1983    3.4240892    24270.309    24270.309  0.002264067   -1414.8237   -1245.7645    219.66347  0.040355634 
 1380000   -7585.0773   -7584.2243    1.8326297    300.94885    302.17708    4.4284766    24270.309    24270.309  0.002264067   -1978.3804   -1817.9391    259.46708  0.038656584 
 1385000   -7582.8366   -7582.8408     1.238363    298.00954    298.28955     4.664859    24270.309    24270.309  0.002264067   -1226.5165   -1348.3304     148.7229  0.037255938 
 1390000   -7580.7789    -7582.287    1.1809934    302.40297    300.86516    4.8251676    24270.309    24270.309  0.002264067   -947.90891   -1256.8577    172.29932  0.037325025 
 1395000   -7582.7717   -7584.9737    1.3611741    304.34193    298.01992    4.6375341    24270.309    24270.309  0.002264067   -1491.0954    -1672.252    138.93645  0.037517933 
 1400000   -7582.9162   -7583.6372    1.6659651    297.89695     297.8163    6.5391549    24270.309    24270.309  0.002264067   -1169.6079   -1365.7415    142.78567  0.036074005 
 1405000   -7581.9574   -7582.8167     1.826374    300.10564    300.23311     6.068217    24270.309    24270.309  0.002264067    -1163.591   -1412.5845    260.95683  0.036175043 
 1410000   -7584.0887   -7583.2745    1.2103955    301.79516    300.71279    5.4744601    24270.309    24270.309  0.002264067   -1776.2174   -1470.9176     139.0878  0.036672126 
 1415000   -7581.7547   -7584.3517    1.6475384    309.31848    297.88898    6.0320508    24270.309    24270.309  0.002264067   -1607.4187   -1590.0316    170.94534  0.036071572 
 1420000   -7580.2892   -7581.0773    1.2702099    304.96152    300.78365    4.8132301    24270.309    24270.309  0.002264067   -1059.9248   -1027.9459    97.783457  0.037115701 
 1425000   -7581.5644   -7581.3636     1.001441     298.8266    300.94615    3.9127164    24270.309    24270.309  0.002264067   -1050.5588   -1043.0741    131.48888  0.036752891 
 1430000   -7583.2117   -7583.3404    1.1649279    299.42444    300.12311    4.3535012    24270.309    24270.309  0.002264067   -1301.1897   -1442.9195    125.90954  0.036252243 
 1435000   -7581.2879   -7582.7738    1.4918354    301.52706    299.05218    5.2885464    24270.309    24270.309  0.002264067   -1101.3185   -1320.9566    191.77965   0.03826096 
 1440000   -7581.0486   -7582.5156    1.5450474    308.08331    300.77949    5.8425868    24270.309    24270.309  0.002264067   -1388.7498   -1301.0892    113.33595   0.03782062 
 1445000    -7580.592   -7582.7057    1.6848479     305.5169    300.90617    4.9216095    24270.309    24270.309  0.002264067   -1121.1405   -1379.6927    201.92985  0.036831352 
 1450000    -7579.768   -7580.3185    1.4678384    302.12047     298.9235    4.6364144    24270.309    24270.309  0.002264067   -795.08797   -788.96354    118.19401  0.037819369 
 1455000    -7584.054   -7582.2517    1.5736539    293.81314    298.13525    5.7839405    24270.309    24270.309  0.002264067   -1351.0401   -1083.9809    180.43147  0.035971045 
 1460000   -7580.3361   -7580.6172    1.9184057    303.47205    298.94493    4.2789433    24270.309    24270.309  0.002264067   -935.57075   -776.07335      352.458  0.036325497 
 1465000   -7584.7082   -7582.4091    1.8213787    300.42543    299.39438    3.9237503    24270.309    24270.309  0.002264067    -1701.935   -1165.0333    309.49598  0.036872519 
 1470000   -7583.7998   -7582.4921    1.7693053    301.85324    300.69893    4.9665851    24270.309    24270.309  0.002264067    -1650.338   -1290.8735    325.00823   0.03660363 
 1475000   -7579.2772   -7581.9185    2.1198867     307.2178    301.28298    6.1872878    24270.309    24270.309  0.002264067   -865.02139   -1172.8089    209.44332  0.037707004 
 1480000   -7583.0684   -7582.0137    1.3368012    299.25611    299.41885    4.8243353    24270.309    24270.309  0.002264067    -1295.895     -1093.11    177.79415  0.038137376 
