Step TotEng v_varAveEnergy v_energySTD Temp v_varAveTemp v_tempSTD Volume v_varAveVolume v_volumeSTD Press v_varAvePress v_pressSTD c_MSD[4] 
  585000   -7615.5478   -7613.9188    1.3912913    301.47908    302.03073    5.8465466     24859.25     24859.25 0.00048828125    -35964.74   -35637.451    201.44477 1.2623315e-29 
  590000   -7613.2833    -7614.304    1.4261464    310.22547    300.85158    5.3070817     24859.25     24859.25 0.00048828125   -35878.941   -35733.371    191.82104  0.030640925 
  595000   -7617.0117   -7615.6281    1.2292533    299.17705    301.84301    4.6167474     24859.25     24859.25 0.00048828125   -36085.755   -35954.221    135.12316   0.03492072 
  600000   -7618.4802   -7617.8147    1.3579217    301.46502    299.27867    4.3637756     24859.25     24859.25 0.00048828125   -36563.149   -36337.422     191.6176  0.037575094 
  605000    -7613.625   -7615.0167    1.3015646    305.45971    301.54827    4.5315748     24859.25     24859.25 0.00048828125   -35702.271   -35851.467    210.15047  0.038843801 
  610000   -7613.7951   -7615.5315     1.282202    309.05773    301.41271    4.6392406     24859.25     24859.25 0.00048828125    -35956.17   -35947.282    119.42916  0.038836696 
  615000   -7618.4902   -7618.4481     1.116718     296.1795    298.33944    4.6227696     24859.25     24859.25 0.00048828125     -36233.8   -36402.998    117.82918  0.040101001 
  620000   -7617.0088   -7617.1667     1.163645    298.76959    299.28597    4.1376974     24859.25     24859.25 0.00048828125   -35969.777   -36210.298    188.79296  0.038496778 
  625000    -7617.488   -7616.1946    1.8170862     298.7071    301.48659    5.7070136     24859.25     24859.25 0.00048828125   -36250.573   -36081.434    171.68048  0.039755899 
  630000   -7615.7321   -7615.1946   0.98005048    300.92684     302.6044     3.709448     24859.25     24859.25 0.00048828125   -35987.642   -35950.377    55.753379  0.039551245 
  635000   -7613.4655   -7616.5821    2.0177216    306.67706    298.23766    5.4517558     24859.25     24859.25 0.00048828125   -35722.078   -35979.966     243.4036  0.039562907 
  640000   -7616.7909   -7615.6688    1.2022087    298.24828    300.20367    4.2563566     24859.25     24859.25 0.00048828125   -36046.412   -35887.288    134.28882  0.039285825 
  645000   -7615.2084   -7616.9099    1.8458475    298.28883    299.45402    4.6261719     24859.25     24859.25 0.00048828125   -35649.432   -36141.287    345.38497  0.039836147 
  650000   -7614.1458   -7614.2123    1.3372688    300.33868    300.26609    4.7703824     24859.25     24859.25 0.00048828125   -35593.289   -35539.078    109.82195  0.039666867 
  655000   -7616.7149   -7613.5837    1.8996035    294.42667    300.24489    3.9910808     24859.25     24859.25 0.00048828125   -35916.245   -35505.068     286.5868  0.041284936 
  660000   -7617.3572   -7616.2145     1.373548    296.14782    299.87082    5.2599438     24859.25     24859.25 0.00048828125   -36106.148   -36005.545    108.17653  0.039757337 
  665000   -7616.5247   -7615.5186       1.7101    304.18665    298.64241    5.1035813     24859.25     24859.25 0.00048828125   -36424.077   -35890.647    236.54002  0.038929198 
  670000   -7612.8451    -7614.576    1.6053363    304.39174    301.44934    5.3679834     24859.25     24859.25 0.00048828125   -35481.591   -35764.937    193.02703  0.040940689 
  675000   -7612.2687   -7614.3574    1.7117904    307.65604    301.89268    5.1490395     24859.25     24859.25 0.00048828125   -35600.282    -35800.05    184.97123  0.042496341 
  680000   -7613.4381   -7615.5339    1.2618788     309.6983    300.85355    5.9903436     24859.25     24859.25 0.00048828125   -35875.839   -35894.926    137.48284  0.041433648 
  685000   -7615.4455   -7615.4151     1.652183    301.69367    298.65123    5.9143512     24859.25     24859.25 0.00048828125   -35980.976   -35836.817    182.93421  0.042023847 
  690000   -7617.2981   -7617.5905    1.4499097    299.57177    298.58318    4.5365821     24859.25     24859.25 0.00048828125   -36260.642   -36127.581    162.75739  0.040905603 
  695000   -7613.8667   -7616.5522    1.7186113    304.72649    300.89303    5.2142696     24859.25     24859.25 0.00048828125   -35752.234    -36161.13    214.27271  0.041443658 
  700000   -7617.9581   -7617.2714    1.5433266    300.04974    302.17014     4.883516     24859.25     24859.25 0.00048828125   -36389.138   -36321.863    137.89434  0.039974075 
  705000   -7617.0787   -7616.6334     1.116631    303.98135    299.04168    4.8687781     24859.25     24859.25 0.00048828125   -36470.363     -36029.5      135.961  0.039900141 
  710000   -7617.0152   -7615.8691    1.2860441    295.25146    300.48179    4.4790384     24859.25     24859.25 0.00048828125   -35906.031   -35963.167    240.97869  0.040049037 
  715000   -7614.4149   -7614.7611    1.5937816    305.32421    303.84425    5.7007284     24859.25     24859.25 0.00048828125   -35978.177     -35927.1    140.38739  0.038405679 
  720000   -7615.5139   -7618.1009    1.2520092    301.45976     298.3015    4.2538864     24859.25     24859.25 0.00048828125    -36036.96   -36426.508    220.02502   0.04023979 
  725000   -7614.3159    -7615.108    1.4791425    304.84915    299.56065     4.826377     24859.25     24859.25 0.00048828125   -35790.094   -35749.537    121.43264  0.041286831 
  730000   -7616.0952   -7615.2226    1.3882718    296.31892    300.53474    4.8517558     24859.25     24859.25 0.00048828125   -35605.266   -35681.519    177.60735   0.04168908 
  735000   -7619.1465   -7616.7222    2.7824008    295.09617     299.9401    6.6318621     24859.25     24859.25 0.00048828125   -36395.504   -36103.224     380.2002   0.04023391 
  740000   -7616.5052   -7616.6877    1.2712854    299.39002    302.10839    4.7589278     24859.25     24859.25 0.00048828125   -36038.212   -36281.335    147.93634  0.040716341 
  745000   -7610.3349   -7612.8122    1.4372351    313.70218    304.62301    5.1022728     24859.25     24859.25 0.00048828125   -35396.908   -35508.697    98.401125  0.041726202 
  750000   -7616.1898   -7616.3515    1.3471301    292.40326    301.70184    5.3120461     24859.25     24859.25 0.00048828125   -35711.714   -36126.236    215.54032  0.041955619 
  755000   -7617.1125   -7615.3979    1.7636525    300.60077     299.7156     7.006183     24859.25     24859.25 0.00048828125   -36237.862   -35861.207    140.92713   0.04149684 
  760000   -7617.8748   -7616.3436    1.1102598    294.50596     297.9242    4.1714427     24859.25     24859.25 0.00048828125   -36145.817   -35977.077    79.740761  0.041281026 
  765000   -7614.0995   -7617.3364    1.2790014    311.51121    299.51736    4.8153808     24859.25     24859.25 0.00048828125   -36093.723   -36200.593     160.3477  0.040026282 
  770000   -7614.9949   -7615.2743    1.8266895    300.90106    298.96982    5.7604242     24859.25     24859.25 0.00048828125   -35765.343    -35766.85    171.93368  0.041869324 
  775000   -7615.1574   -7615.8237    1.5694249    300.21309    299.29125    5.2725543     24859.25     24859.25 0.00048828125     -35925.7   -36039.126    205.57846  0.042409458 
  780000   -7619.9286   -7616.6221    1.5301532    287.55785    298.56212    6.5568394     24859.25     24859.25 0.00048828125   -36330.302   -36094.164    120.20872   0.03999437 
  785000   -7618.2662   -7617.6418    1.2768278    300.09894    299.58742    4.6638987     24859.25     24859.25 0.00048828125   -36476.523   -36206.208    156.27261  0.039706739 
  790000   -7609.4497   -7615.4809    1.9740846    315.88113    301.59924    6.4076883     24859.25     24859.25 0.00048828125   -35142.018   -35899.817    320.67261  0.041282555 
  795000   -7617.1775   -7615.6781    1.3084967    296.59717    301.51331    4.8731883     24859.25     24859.25 0.00048828125   -36120.733   -35941.229     173.8421  0.042897463 
  800000   -7617.8961   -7615.7479    1.4057497      290.211    299.66439    4.6756316     24859.25     24859.25 0.00048828125   -35920.632   -35889.269    130.49419  0.040229482 
  805000     -7617.19   -7615.7726    1.2474164    297.45801    301.55177    4.5137947     24859.25     24859.25 0.00048828125   -36156.881    -36046.19    137.62984  0.040299968 
  810000   -7615.7732   -7616.2696    1.4603507     301.8302    299.62127    5.8783298     24859.25     24859.25 0.00048828125   -36008.441   -36010.119     147.4103  0.039981299 
  815000   -7616.8876   -7616.1693    1.1381007      296.576    298.48742    4.1286062     24859.25     24859.25 0.00048828125   -36007.447   -36006.299    145.18621  0.040801468 
  820000   -7616.9733   -7616.5618    1.5593119    296.93815    298.81804    5.6411707     24859.25     24859.25 0.00048828125    -36060.39   -36025.222     105.6621  0.041062668 
  825000   -7613.1429   -7615.0273    1.3761764    302.24005    300.22342     5.527884     24859.25     24859.25 0.00048828125    -35502.79   -35748.933     110.1355  0.040751142 
  830000   -7616.4293   -7617.2599    1.1220823    300.01294    300.23846    4.2757455     24859.25     24859.25 0.00048828125    -36004.22    -36252.97    187.33868  0.040703236 
  835000   -7620.5904   -7617.8247    1.7373259    288.84772    299.84703    5.9481797     24859.25     24859.25 0.00048828125   -36334.599   -36307.766    152.28931  0.040126617 
  840000   -7614.4453   -7616.4587    1.9582569    299.78787    298.98549    5.9515674     24859.25     24859.25 0.00048828125   -35694.058   -36094.096    220.47933  0.041852481 
  845000   -7614.2651   -7615.4822    1.5687292    302.12366    300.10702    5.8976198     24859.25     24859.25 0.00048828125   -35744.698   -35892.096    105.62766  0.040422026 
  850000   -7613.6581   -7613.6055    1.7211457      301.457    300.08382    5.3348756     24859.25     24859.25 0.00048828125   -35590.061   -35461.148    231.08543  0.039669301 
  855000   -7614.7378   -7616.0878    1.2869852    302.54461    298.76258     4.705693     24859.25     24859.25 0.00048828125   -35738.709   -35908.067    124.10832  0.039883746 
  860000   -7617.0688    -7616.921    1.3469272    300.43652    298.11372     5.006155     24859.25     24859.25 0.00048828125   -36334.508   -36148.562    135.92461  0.039027429 
  865000   -7616.9065   -7616.5702    1.2910219     297.2094    299.20604    4.9948304     24859.25     24859.25 0.00048828125   -36130.655   -36073.876    93.737457  0.039502628 
  870000   -7615.4754   -7616.9056    1.6417214    310.69451       299.91    6.0169903     24859.25     24859.25 0.00048828125   -36396.237   -36288.318    239.49246   0.03990731 
  875000   -7613.7303   -7615.9704    1.2485616    302.40751    299.22039      4.14127     24859.25     24859.25 0.00048828125   -35623.342   -35966.778    110.81474  0.041311834 
  880000   -7615.0219   -7614.4571    1.1125416    299.72403    299.99119    3.9322106     24859.25     24859.25 0.00048828125   -35772.315   -35619.108    238.01201  0.041648566 
  885000   -7617.6445   -7617.2676    1.5308837    298.77468    298.17162    4.6170212     24859.25     24859.25 0.00048828125   -36403.269   -36201.926    254.12233  0.040078432 
  890000   -7615.4847   -7617.7855    1.7694094    298.59535     295.7569    4.1271268     24859.25     24859.25 0.00048828125   -35832.587   -36169.727    221.90253  0.040578283 
  895000   -7613.7623    -7613.662    1.3554345    304.57997    302.13054    5.0513875     24859.25     24859.25 0.00048828125   -35708.752   -35565.362    92.566112  0.040467412 
  900000   -7618.9788   -7617.0451    1.3918218     298.6641    298.58039     4.680049     24859.25     24859.25 0.00048828125   -36653.213   -36180.882    165.20958  0.038670455 
  905000   -7615.9269   -7615.4818    1.5432017    292.40748    299.94222    5.5701227     24859.25     24859.25 0.00048828125   -35759.115   -35957.303    137.61148  0.041467591 
  910000   -7618.1199   -7616.4616   0.98713271    296.78004    298.57008    4.0724159     24859.25     24859.25 0.00048828125   -36323.675   -36009.731    147.77671   0.04112415 
  915000   -7617.9331   -7615.8311    2.1849345    297.36049    301.31336    4.7461959     24859.25     24859.25 0.00048828125   -36389.312   -36069.704    306.28446  0.039418372 
  920000   -7617.0074   -7615.0081    1.0865286    291.56553    298.96419    4.0949795     24859.25     24859.25 0.00048828125   -35737.734   -35734.076    124.94366  0.043204246 
  925000     -7616.96    -7616.168    1.3663366    295.71559    296.73376    3.8971163     24859.25     24859.25 0.00048828125   -35984.861    -35798.31    178.29349  0.042323127 
  930000   -7615.0363   -7615.7867    1.0594434    300.86905    300.26934    4.2413885     24859.25     24859.25 0.00048828125   -35713.956    -35890.46     99.61705  0.043350736 
  935000   -7615.7053    -7615.687    1.5174794    296.48232    300.55977    5.7426661     24859.25     24859.25 0.00048828125    -35731.73   -35923.221    124.30002  0.041710396 
  940000   -7617.0535   -7615.6667    1.4478012    295.26901    300.65407    5.8672648     24859.25     24859.25 0.00048828125   -35978.336   -35912.022     77.81499  0.042457621 
  945000   -7617.6549   -7615.0904    1.0406394     291.3654    301.72902     3.952136     24859.25     24859.25 0.00048828125   -36037.445   -35927.355    136.38821   0.04114955 
  950000     -7616.02   -7613.7969    1.2389445    294.99769    300.72222    4.2002367     24859.25     24859.25 0.00048828125    -35831.22   -35633.249     123.4907  0.041563626 
  955000   -7614.9332   -7614.1758    1.6839506    298.09963    299.47407    5.7263285     24859.25     24859.25 0.00048828125   -35678.514   -35474.669    243.00926  0.039829103 
  960000   -7618.9004   -7615.5322    1.4554305    294.72194    299.59519    4.0051765     24859.25     24859.25 0.00048828125   -36338.319   -35922.218    274.85693  0.040333783 
  965000   -7616.2917   -7616.6884    1.5863192    300.44982    300.03311    5.4002841     24859.25     24859.25 0.00048828125   -36054.914   -36190.173    156.62551  0.040670964 
  970000   -7615.4311   -7615.1286    1.7409478    297.17034    300.30775     6.695407     24859.25     24859.25 0.00048828125   -35668.498   -35808.441    161.11934  0.041010832 
  975000   -7617.2476   -7615.3004    1.8225732     298.2018    300.77588    4.7679586     24859.25     24859.25 0.00048828125   -36260.765   -35888.398    232.00556  0.040069379 
  980000    -7614.552   -7616.1484    1.0382628    308.03861    302.41686    3.9407563     24859.25     24859.25 0.00048828125   -36136.327    -36209.47    111.26967  0.039095801 
  985000   -7615.4478   -7615.4831    1.3399075    301.25353    299.22249    6.1365483     24859.25     24859.25 0.00048828125   -35945.146   -35859.828    169.35258  0.039944188 
  990000   -7617.2075    -7617.001     1.333184    299.66099    300.52006    5.3498929     24859.25     24859.25 0.00048828125   -36293.245   -36253.864    105.48733  0.040638109 
  995000   -7612.5593   -7614.5507   0.89372687    308.99997    302.17534    4.1636015     24859.25     24859.25 0.00048828125   -35532.012   -35716.041    92.147954  0.041621085 
 1000000   -7614.7487   -7616.3476    1.6759462    297.66427    298.55385    5.5129716     24859.25     24859.25 0.00048828125   -35753.651   -36066.423     122.2959  0.041194508 
 1005000   -7612.6025   -7612.4252    1.2096592      307.037    300.76815    4.8190533     24859.25     24859.25 0.00048828125   -35638.151   -35287.256    236.03872   0.04086238 
 1010000   -7616.1713   -7616.2753    1.0275898    302.30181    300.81659    3.8832173     24859.25     24859.25 0.00048828125   -36127.159   -36081.912    75.243496  0.040024623 
 1015000   -7617.5351   -7613.7416     1.861656    290.46415    301.20089    5.8863514     24859.25     24859.25 0.00048828125   -35829.141   -35578.919    119.00398   0.04006167 
 1020000    -7615.032   -7616.8891    1.2711174    302.64129    299.46179    4.5622859     24859.25     24859.25 0.00048828125   -35914.023   -36102.902    135.06305  0.039072339 
 1025000   -7615.2291   -7615.9248    1.2336185    298.62792    298.33603    4.3705178     24859.25     24859.25 0.00048828125   -35720.262   -35932.922    164.67047  0.040206143 
 1030000   -7615.9202    -7614.227    1.8621287    290.95583     298.1139    4.4215816     24859.25     24859.25 0.00048828125   -35627.795   -35557.452    278.23536  0.040655996 
 1035000   -7617.6071   -7616.4388    1.1899482    297.61676    300.34846    4.7072814     24859.25     24859.25 0.00048828125   -36129.095   -36032.801    94.622945  0.041702425 
 1040000   -7613.3219   -7615.3403    1.2633376     304.9958    299.53531    3.7283924     24859.25     24859.25 0.00048828125   -35619.202   -35823.721    173.01193  0.039968593 
 1045000   -7617.4342   -7615.6848    1.4797808    296.88176    299.87707    4.9145177     24859.25     24859.25 0.00048828125   -36173.823   -35991.717     121.0966  0.040564334 
 1050000   -7617.5208   -7616.5096    2.3822585    302.39677     300.3384    5.0194558     24859.25     24859.25 0.00048828125   -36342.839   -36089.104    329.56772   0.04044193 
 1055000   -7616.0193   -7615.7629    1.2677544    297.62458    299.23229    5.1754606     24859.25     24859.25 0.00048828125   -35870.613   -35889.356     88.33125  0.039800102 
 1060000   -7616.7522   -7616.3022    1.1878219    300.63603    299.86795    4.2535004     24859.25     24859.25 0.00048828125   -36154.822   -36007.019    183.22883  0.038916664 
 1065000   -7616.8068   -7615.6674    1.4711271    293.31534     299.9988    6.1207738     24859.25     24859.25 0.00048828125   -35687.919   -35841.258    91.987949  0.041280685 
 1070000   -7613.3692   -7616.3363    2.3198666    316.34156    301.08611    6.6343257     24859.25     24859.25 0.00048828125   -36139.076   -36121.279    356.97373  0.039842317 
 1075000   -7614.9244   -7616.7151     1.676142    306.27085    300.77624    4.6969919     24859.25     24859.25 0.00048828125    -35993.02   -36178.943    243.32408  0.041645018 
 1080000   -7616.3203    -7615.073    1.6598545    302.72346     299.0747    5.5111692     24859.25     24859.25 0.00048828125   -36217.034   -35722.194    237.66812  0.040860436 
 1085000   -7617.1555    -7613.784    1.5264252    296.11466    300.44602    4.7877105     24859.25     24859.25 0.00048828125   -36157.618   -35476.506    270.09884  0.039969575 
 1090000   -7616.5574    -7616.767    2.0961279    291.71728    299.54875    4.9565181     24859.25     24859.25 0.00048828125   -35861.178   -36264.511    338.87965  0.039707074 
 1095000   -7615.4431   -7615.5982    1.1430945    297.68937    297.47681    4.3230585     24859.25     24859.25 0.00048828125   -35858.254    -35908.65    112.13238  0.041126167 
 1100000   -7616.8129   -7616.3571    1.0252629    299.11878    300.37439    3.3702009     24859.25     24859.25 0.00048828125    -36110.56   -36163.075    158.69943  0.040012912 
 1105000   -7617.1809    -7618.615    1.1545486    296.83352    298.40603    4.5783492     24859.25     24859.25 0.00048828125   -36062.368   -36504.748    168.73317   0.03978579 
 1110000   -7615.4963   -7616.2009     1.295697    306.87791    302.30637    4.8740059     24859.25     24859.25 0.00048828125   -36086.003   -36111.729    197.65557  0.039058522 
 1115000   -7617.6825    -7615.779    1.7395137    289.15115    301.30091    6.1239366     24859.25     24859.25 0.00048828125   -35817.477   -36000.201    216.93627  0.040398753 
 1120000   -7615.9958   -7616.6173    1.1374692    295.75682    296.86408    4.7242585     24859.25     24859.25 0.00048828125   -35818.401       -35991    161.16667  0.040720186 
 1125000    -7619.162   -7618.4807    1.6144406    292.88002    299.31514    4.8144773     24859.25     24859.25 0.00048828125   -36329.454    -36431.04    171.59758  0.039405893 
 1130000   -7616.8551    -7615.538    1.6029913    300.41832    301.55781    5.1825943     24859.25     24859.25 0.00048828125    -36179.95   -35993.099    158.70638  0.040053386 
 1135000   -7614.7699   -7615.1838     1.785235    303.81906    302.65858    6.1213955     24859.25     24859.25 0.00048828125   -35937.941   -35953.397    268.67354  0.041171924 
 1140000   -7615.9817   -7616.0878     1.466023    299.63304    298.15658    5.7581741     24859.25     24859.25 0.00048828125   -36058.496   -36029.672    133.06752  0.040616855 
 1145000   -7619.3185   -7617.4966    2.0671793    298.16737    296.63468    5.6266602     24859.25     24859.25 0.00048828125   -36706.213   -36170.127    335.54018  0.042073401 
 1150000   -7615.9498   -7616.8351    1.8316367    303.26203    299.61774    5.1110707     24859.25     24859.25 0.00048828125    -36056.06   -36094.385    240.23482  0.043308755 
 1155000   -7617.3718   -7615.5593    1.3156733    294.60094     300.1082    5.0071286     24859.25     24859.25 0.00048828125   -36025.326   -35904.157       196.24  0.041814859 
 1160000   -7616.5995    -7615.682    1.0310182    299.68573    298.15698    5.7657792     24859.25     24859.25 0.00048828125   -36104.493   -35864.854    185.67028  0.042095815 
 1165000   -7616.1384   -7615.8841    1.8995184    306.70876    302.21326    5.9584507     24859.25     24859.25 0.00048828125   -36238.598   -36008.732    247.47309  0.041112395 
 1170000   -7617.0492   -7615.3773    1.5295395    299.36198    300.67376    4.9225328     24859.25     24859.25 0.00048828125   -36148.378   -35783.636    167.98931  0.040976148 
 1175000   -7616.4849   -7615.2094    1.6412287     293.7445    301.15432    6.4533381     24859.25     24859.25 0.00048828125   -35780.958   -35838.855    172.43906  0.041698726 
 1180000   -7613.7394   -7616.1868    1.2895412    307.04199    298.41145    5.4178318     24859.25     24859.25 0.00048828125   -35791.298   -35934.157    78.459236  0.042571792 
 1185000   -7615.2025   -7614.1852    1.4858565    301.28898    300.72226     5.867675     24859.25     24859.25 0.00048828125   -35798.038   -35581.079    117.62191  0.042732641 
 1190000   -7615.1944   -7613.8106    1.1426669    301.92136    302.34845    4.2500013     24859.25     24859.25 0.00048828125    -35835.92   -35572.585    114.25549  0.041509804 
 1195000   -7616.9523   -7616.0778    1.5010596    293.42112    298.82504     5.938304     24859.25     24859.25 0.00048828125   -35898.777   -35958.724    99.074226  0.040578114 
 1200000   -7614.9013   -7617.4125    1.2154738    300.02136    295.69645    4.5189112     24859.25     24859.25 0.00048828125   -35567.756   -35965.054    147.20731  0.041715421 
 1205000   -7616.4998   -7613.9848    1.4311546     297.5173    301.74808    4.8006475     24859.25     24859.25 0.00048828125   -36016.752   -35646.875    116.42386  0.040764818 
 1210000   -7616.9787   -7617.8454    1.3299633    297.07608    297.67897     5.326883     24859.25     24859.25 0.00048828125   -36104.025   -36269.067    85.667108  0.040544926 
 1215000   -7617.6275   -7617.0523    1.6613176     296.9859    299.24674    5.7628866     24859.25     24859.25 0.00048828125   -36213.465   -36260.324    199.74791  0.039761447 
 1220000   -7617.4957   -7618.8209    1.5035468    301.06929    301.01735    4.2659828     24859.25     24859.25 0.00048828125   -36379.605   -36655.715    169.85026   0.03968025 
 1225000     -7612.91   -7614.9457    1.8926803    307.08627    301.85754    5.5636185     24859.25     24859.25 0.00048828125    -35643.15   -35856.877    261.05161  0.040614031 
 1230000   -7618.8806   -7617.9416    1.3731808    296.06219    297.88455    5.0633637     24859.25     24859.25 0.00048828125   -36364.902   -36281.108    95.184453  0.039318756 
 1235000   -7615.7655   -7615.7581    1.4729089     300.5887    300.80194    5.3611302     24859.25     24859.25 0.00048828125   -35834.248    -35980.56    122.91139   0.04040458 
 1240000   -7617.0274   -7616.6101    1.5998031    293.25844    298.51789    4.3182432     24859.25     24859.25 0.00048828125   -35867.428   -35990.481     245.3791  0.041577551 
 1245000   -7617.1999   -7615.9106    1.2916057     289.0588    299.17233    5.0836507     24859.25     24859.25 0.00048828125   -35794.476   -35875.729     83.59609  0.039522814 
 1250000   -7617.9754   -7615.6114    1.2511722    286.73304     300.0402    4.7073444     24859.25     24859.25 0.00048828125   -35878.099   -35922.495    104.69197  0.041623254 
 1255000   -7615.1219   -7614.2125    1.3806257    295.16287    300.44626    5.0114968     24859.25     24859.25 0.00048828125   -35636.681   -35654.331    112.94472  0.040680882 
 1260000   -7618.0648   -7617.9035     1.226762    292.56847    298.50156    6.2539603     24859.25     24859.25 0.00048828125   -36006.455   -36186.694    168.06877    0.0405909 
 1265000   -7614.3279   -7615.5822    2.4050583    298.54461    298.62148    4.3360762     24859.25     24859.25 0.00048828125    -35502.94   -35793.344    438.24284  0.040529486 
 1270000   -7615.4311   -7617.2703    2.0331163    303.24229    299.56095    5.7300699     24859.25     24859.25 0.00048828125   -36043.935   -36249.947    232.59328  0.038019367 
 1275000   -7616.1107    -7615.485    1.5748139    302.21055    298.61245    5.8245358     24859.25     24859.25 0.00048828125   -36124.054   -35836.652    178.65614  0.040217374 
 1280000   -7615.0355   -7616.9386    1.3294045    310.40236    302.68979    5.4397397     24859.25     24859.25 0.00048828125     -36296.8    -36254.25    79.340795  0.038957106 
 1285000   -7616.8498    -7615.036    1.5108914    300.54283    303.17069    5.5436658     24859.25     24859.25 0.00048828125   -36203.198   -35894.033    150.22035  0.039191193 
 1290000   -7609.7514    -7616.426    1.9850203    321.77003    301.44639    6.7986562     24859.25     24859.25 0.00048828125   -35615.016   -36101.125    129.78466  0.041115716 
 1295000   -7614.3091   -7614.8651    1.7456557     291.9505    300.73245     5.180058     24859.25     24859.25 0.00048828125   -35266.853   -35844.905    305.42349  0.041236967 
 1300000   -7615.5604   -7616.1847    1.1839557    296.37874    298.45664    3.9824482     24859.25     24859.25 0.00048828125   -35747.805   -35967.352    126.00519  0.040520652 
 1305000   -7616.3254   -7616.3281      1.58675    299.18869    301.21422    5.7276522     24859.25     24859.25 0.00048828125   -35929.682   -36076.744    117.28626  0.040607212 
 1310000   -7616.5106   -7616.6059    2.7733667    308.17119    299.47626    6.0385738     24859.25     24859.25 0.00048828125    -36500.28   -36104.188    442.45837  0.039387535 
 1315000   -7612.3564   -7616.1002    1.3756045    312.81106    300.37194    3.5511886     24859.25     24859.25 0.00048828125   -35761.893   -36063.535    234.96683  0.039531798 
 1320000   -7617.6622   -7616.0825     1.715263     293.8014    298.59517    5.2493195     24859.25     24859.25 0.00048828125   -36054.268   -35898.535    188.64514  0.040424851 
 1325000    -7614.958   -7614.2711    1.0368438    304.56611    301.62657    4.6802156     24859.25     24859.25 0.00048828125   -36060.794   -35798.104    70.435973  0.040240536 
 1330000   -7613.0327   -7614.7566    2.3027825    305.23309    300.39378    5.0135061     24859.25     24859.25 0.00048828125   -35583.229   -35733.716    292.67105  0.039870866 
 1335000   -7616.2747   -7616.9967    1.6577793    295.82416    298.48474    6.7395828     24859.25     24859.25 0.00048828125   -35806.526   -36116.724    139.44442   0.04044161 
 1340000   -7614.2765   -7617.1523    1.7247391    308.27059    300.28854    6.5413368     24859.25     24859.25 0.00048828125   -36068.415   -36286.855    97.337811  0.039226044 
 1345000   -7615.3777   -7613.4968    1.7206199     297.1259    300.33389    5.3144033     24859.25     24859.25 0.00048828125   -35693.504   -35416.536    177.75706  0.039466549 
 1350000   -7617.8186   -7617.1557     1.560091    293.18425    296.97036    5.0525285     24859.25     24859.25 0.00048828125   -36026.935   -36089.103    249.97599  0.039180062 
 1355000   -7618.0529    -7615.637    1.7157955    295.67747    298.90806    4.9781385     24859.25     24859.25 0.00048828125   -36313.064   -35919.192    227.34006  0.039259327 
 1360000   -7617.5906   -7616.4916    1.5789302    294.54379    298.90425    5.1204421     24859.25     24859.25 0.00048828125   -35970.164   -35939.882    133.08016  0.039892943 
 1365000   -7615.8936   -7613.9332    1.2758209    294.41583    301.32747    5.1608391     24859.25     24859.25 0.00048828125   -35735.675   -35596.763    109.73725  0.041801916 
 1370000    -7616.777   -7615.4875    1.2012364    298.19964    300.79758    4.6157786     24859.25     24859.25 0.00048828125   -36162.308   -36010.973    228.53121  0.041878826 
 1375000   -7611.8965   -7612.7486    2.1519056    303.84498     303.7744    7.3988888     24859.25     24859.25 0.00048828125   -35138.795   -35370.108    216.65996  0.042332957 
 1380000   -7617.4647   -7617.0406    1.0768288    304.39673    301.93157    4.4399376     24859.25     24859.25 0.00048828125   -36480.334   -36332.859    78.960022  0.039172746 
 1385000   -7617.1719   -7616.2083    1.3038006    295.59405    299.23932    5.4989422     24859.25     24859.25 0.00048828125   -35965.915   -35970.234    154.72428  0.040641811 
 1390000   -7618.3104   -7618.0322    1.2236565    293.86657    299.75631    4.5753719     24859.25     24859.25 0.00048828125   -36191.411   -36374.217    119.42841  0.039835788 
 1395000   -7616.1919   -7614.5143    1.5739576    303.69713    301.91146    6.1264888     24859.25     24859.25 0.00048828125   -36251.628   -35761.009    178.15094  0.039043515 
 1400000   -7617.7146   -7614.8995    1.4513288    297.74626    299.66276     4.390356     24859.25     24859.25 0.00048828125   -36181.969   -35698.421     174.5904  0.038822105 
 1405000   -7613.2198     -7615.65   0.96848714    311.85162    299.34422    4.0073502     24859.25     24859.25 0.00048828125   -35819.258   -35758.158    92.452864  0.039328392 
 1410000    -7614.149   -7614.3929    2.0959206    298.99241     302.0262    4.6911567     24859.25     24859.25 0.00048828125   -35452.944   -35664.332    323.93783  0.039115873 
 1415000   -7617.0828   -7617.4521    1.6497149    301.94839    300.04364    6.8454514     24859.25     24859.25 0.00048828125   -36442.056   -36360.977    282.75201  0.039817893 
 1420000   -7612.8516   -7614.9424    1.2921111    303.62851    299.38562    3.9018034     24859.25     24859.25 0.00048828125    -35449.03   -35687.058    248.99805  0.040763782 
 1425000   -7615.2141   -7615.1818    1.1058455    305.36952    300.93298    4.2355834     24859.25     24859.25 0.00048828125   -36172.865   -35940.106    139.48479  0.038542259 
 1430000   -7614.7652   -7614.5015     1.233651    298.83378    299.89665    5.1557633     24859.25     24859.25 0.00048828125   -35617.734   -35621.443    103.12707  0.039454259 
 1435000   -7615.6254   -7616.2943    1.5512283    300.98607    300.24585    5.9054368     24859.25     24859.25 0.00048828125   -35918.386    -36013.36    151.01481  0.039025194 
 1440000   -7615.0647   -7615.4267    1.0050003    301.24915    302.56492    4.3556038     24859.25     24859.25 0.00048828125   -35825.962   -35988.697    77.985812  0.039780941 
 1445000   -7619.5508   -7616.4409    1.3359758    292.74213    301.60485    5.4161878     24859.25     24859.25 0.00048828125   -36528.437   -36171.861     157.9699   0.04051475 
 1450000   -7619.9574   -7616.5738    1.6056695    284.82241    298.87539    6.2009661     24859.25     24859.25 0.00048828125   -36287.382   -36172.263    91.845497  0.039908898 
 1455000   -7618.0637   -7617.7971    1.0899031    300.97721    299.05831    5.3292422     24859.25     24859.25 0.00048828125   -36472.601   -36344.336    147.11465  0.040094874 
 1460000   -7618.4505   -7616.4471    1.7184493    300.03583    299.77065    5.6063483     24859.25     24859.25 0.00048828125   -36594.737    -36143.41    263.25457  0.039094424 
 1465000   -7613.0161   -7615.6044    1.5248415    308.62993    299.20541      5.62752     24859.25     24859.25 0.00048828125   -35648.434   -35797.902    166.73949  0.040922742 
 1470000   -7617.2268   -7616.7425    1.9233018     300.5227    300.23225    5.7503997     24859.25     24859.25 0.00048828125   -36300.741   -36167.689    209.66576  0.039131392 
 1475000   -7612.5406    -7614.413    1.2780238    307.41243    300.94154    4.8664699     24859.25     24859.25 0.00048828125   -35545.567   -35704.238    199.26027  0.039713506 
 1480000   -7618.5696   -7616.2398    2.3791266    290.56624    301.14227     6.061527     24859.25     24859.25 0.00048828125   -36200.699   -36201.713    301.21436  0.039150247 
 1485000   -7616.6084   -7615.0673    1.5387281    299.29844     302.3757    5.2913543     24859.25     24859.25 0.00048828125   -36074.463   -35904.057    225.34103  0.039205713 
 1490000   -7611.5072   -7613.2132    1.4247313    304.75416    301.26902    5.7070823     24859.25     24859.25 0.00048828125   -35220.611    -35348.46    80.244051  0.039004319 
 1495000   -7616.9302   -7616.0423    2.9460777    307.69152    298.21217    6.3513194     24859.25     24859.25 0.00048828125   -36441.213   -35922.924    410.45083  0.039517458 
 1500000   -7615.0709   -7617.1197    1.6051447    298.84837    297.61756    5.4672971     24859.25     24859.25 0.00048828125   -35702.662   -36084.902    233.08536  0.040560946 
 1505000   -7617.5971   -7615.8302    1.9704024    294.80211    300.31984    6.5641596     24859.25     24859.25 0.00048828125   -36179.574   -35986.633    164.01963  0.040686259 
 1510000   -7614.2533   -7617.1046     1.646094     305.5245    299.55026    5.7722906     24859.25     24859.25 0.00048828125    -35970.83    -36312.95     239.3755  0.041157931 
 1515000   -7615.9246   -7615.2573    1.5944195    299.54452    299.18379    5.8299027     24859.25     24859.25 0.00048828125   -36024.665   -35926.662    160.34931  0.039366635 
 1520000   -7614.0323   -7615.8876    2.0049152    303.27343    301.04506    5.3629708     24859.25     24859.25 0.00048828125   -35503.111   -35857.478    274.02354  0.041385643 
 1525000   -7617.7719   -7616.2633    1.4239556     295.5913    297.85526    4.6232308     24859.25     24859.25 0.00048828125   -36026.239   -35865.902     174.2184  0.039987925 
 1530000   -7611.6982   -7613.3004    1.7040109    308.58338    300.31329    7.0210279     24859.25     24859.25 0.00048828125   -35372.045   -35257.951    89.106233  0.040221327 
 1535000   -7614.2989    -7615.344    1.1360213    301.19344    299.18729    5.1132997     24859.25     24859.25 0.00048828125   -35733.502   -35834.398    76.190505  0.040697824 
 1540000   -7614.7144   -7614.2905    1.4723955    301.55804    302.27356    4.9021564     24859.25     24859.25 0.00048828125   -35767.045   -35648.899    164.12508  0.040955563 
 1545000   -7617.1677   -7617.3634    1.3537362    297.47701    297.89577    5.2914351     24859.25     24859.25 0.00048828125    -36209.67   -36241.995     157.4909   0.04119831 
 1550000   -7616.4113    -7617.785    1.5561699    300.05855    298.28874    5.1716501     24859.25     24859.25 0.00048828125   -35925.515   -36212.939    172.42971  0.039113624 
 1555000   -7614.1727   -7616.0893     1.624051    301.40817    295.72937    5.1591547     24859.25     24859.25 0.00048828125   -35693.554   -35833.657    192.70983  0.040620167 
 1560000   -7614.1634   -7616.4555    1.8023289     299.7187      298.799    4.8556945     24859.25     24859.25 0.00048828125   -35731.663   -36130.083    190.67974  0.040229465 
 1565000    -7616.375   -7616.2835    1.4945803    291.86045    299.53591    4.9353177     24859.25     24859.25 0.00048828125   -35692.268   -36039.952    208.82059  0.040856702 
 1570000    -7614.783   -7615.7322    1.0284805    307.93469    300.95328    4.6034119     24859.25     24859.25 0.00048828125   -36095.581   -36032.222    66.548755  0.039935851 
 1575000    -7617.045   -7617.8093    1.5295881    298.77277    298.13538    4.2013585     24859.25     24859.25 0.00048828125   -36016.598   -36186.893    243.53172  0.040466869 
 1580000   -7613.0667   -7614.2338    1.5611477    305.96013    302.31073    6.0340623     24859.25     24859.25 0.00048828125   -35584.411   -35573.288    86.581227  0.040362585 
 1585000   -7612.9412   -7612.9141    1.4985003    295.80953    300.02017    4.7538109     24859.25     24859.25 0.00048828125   -35135.297   -35254.237    195.54921  0.040463393 
