Step TotEng v_varAveEnergy v_energySTD Temp v_varAveTemp v_tempSTD Volume v_varAveVolume v_volumeSTD Press v_varAvePress v_pressSTD c_MSD[4] 
  215000   -7596.0973   -7596.5261   0.90799604    304.94744    302.25075    4.3235096    24197.353    24197.353 0.0016194457    2645.0892    2739.3041    168.95782 3.5250681e-29 
  220000   -7598.2284   -7596.6439    1.5552604    295.44445    300.37209    4.6476396    24197.353    24197.353 0.0016194457    2693.1003     2806.569    135.05729  0.028011584 
  225000   -7594.6412   -7595.6569    1.2574838     306.1109    299.36031    4.9077527    24197.353    24197.353 0.0016194457    2827.2709    3011.3809    251.54706  0.032414334 
  230000   -7599.6039   -7596.1519    1.8219193    287.90143    296.50254    6.5728337    24197.353    24197.353 0.0016194457    2794.5802    3150.4423    174.31031  0.033421934 
  235000   -7597.2311   -7596.6545    2.5163608    298.75596    300.52958    4.4930539    24197.353    24197.353 0.0016194457    2687.7083     2748.264    465.16206  0.033441368 
  240000   -7595.7077   -7595.2517    1.6828136    302.60397    300.97669    6.2626736    24197.353    24197.353 0.0016194457    2866.0992    3112.7503    188.13742  0.034133979 
  245000   -7595.7087   -7595.9174    1.5522624    296.98398    299.91983    4.9239015    24197.353    24197.353 0.0016194457    3121.1898    2890.0649    269.29004  0.034296523 
  250000   -7596.7507   -7595.3674    1.5421697    291.98224    299.96115    4.8076165    24197.353    24197.353 0.0016194457    3057.3338      2947.19    195.64556  0.034745786 
  255000   -7594.5144   -7595.0659    1.6751709    302.79344    299.48013    5.2595494    24197.353    24197.353 0.0016194457    3097.2785    3088.4171    152.08732   0.03420748 
  260000   -7598.1817   -7595.2569    1.3728247    296.04567      297.977    5.2467319    24197.353    24197.353 0.0016194457    2552.3394    3147.9035    213.15326  0.034302542 
  265000    -7594.721   -7595.8677    1.2124063    303.16893    299.13968    5.7898503    24197.353    24197.353 0.0016194457    3028.8033    2965.2731    82.312865  0.034940495 
  270000   -7594.5573   -7596.2911    1.3900587    301.98291    297.58024    5.2973612    24197.353    24197.353 0.0016194457    3112.3277    2936.8344    101.45413  0.035472013 
  275000   -7593.0438   -7592.6972    1.8888092    300.79534    303.23677     4.529978    24197.353    24197.353 0.0016194457     3528.882    3488.3261    315.29468  0.037919959 
  280000   -7597.5609   -7597.6905    1.1662701    294.06933    299.04054    4.3869589    24197.353    24197.353 0.0016194457    2926.2013    2701.6178     107.6504  0.035899263 
  285000   -7597.5892   -7598.0759    1.3636551    302.63734    299.25534    4.3252226    24197.353    24197.353 0.0016194457    2478.1501    2479.6696    199.91472  0.033637217 
  290000   -7596.9255   -7594.6718    1.6448122    301.98692    301.97286     6.417958    24197.353    24197.353 0.0016194457    2594.3323    3091.3003    214.51706  0.034620336 
  295000   -7594.2715   -7594.4092    1.2273339     303.7712    299.34454    3.9718353    24197.353    24197.353 0.0016194457     3234.632    3315.1431    183.33912  0.034981854 
  300000    -7598.285   -7598.4811    1.3920865     300.2566    300.66505    4.4765576    24197.353    24197.353 0.0016194457    2440.0911    2385.1026     197.8243  0.033477632 
  305000   -7595.7962   -7595.4112    1.5788087     294.6771    299.66343    5.0283332    24197.353    24197.353 0.0016194457    3273.8872    3088.0367    198.64077  0.036228172 
  310000   -7595.2584   -7596.3276    1.3677763    296.52626    297.62273    5.2034202    24197.353    24197.353 0.0016194457    3210.4153    2908.3332    133.56496  0.035382941 
  315000   -7593.2424    -7595.412    1.4754165    303.46208    299.66416    5.1438549    24197.353    24197.353 0.0016194457    3402.2903    3074.7361    163.74607  0.035555586 
  320000    -7595.998   -7595.4821    1.4510883    298.82854    299.31049    4.6633104    24197.353    24197.353 0.0016194457    3005.9682    3137.1107    162.88289  0.036292042 
  325000   -7598.7323   -7595.4716    1.9337599     290.9189    300.81657     6.143365    24197.353    24197.353 0.0016194457    2807.2704    3037.3174    156.71995  0.036413404 
  330000   -7593.9542   -7595.3853    1.4013348    307.69775     301.3821    4.6143704    24197.353    24197.353 0.0016194457    3031.2909    2997.1184    147.48582   0.03557227 
  335000   -7594.1622   -7595.6634    1.6902295    296.38758    299.06643    4.2480269    24197.353    24197.353 0.0016194457    3551.3564    3092.1914     256.9062  0.035837961 
  340000   -7592.6931   -7593.9427    1.4185937    299.93763    303.18102    5.8776199    24197.353    24197.353 0.0016194457    3616.8915    3222.6408    157.66504  0.035137275 
  345000   -7599.0158   -7597.6904    1.6196011    294.64013    298.07561    4.4044474    24197.353    24197.353 0.0016194457    2570.7389    2659.6893    329.87021  0.035843836 
  350000   -7593.8277   -7595.9709    1.5874089    306.41086    299.71415    6.5542481    24197.353    24197.353 0.0016194457    3149.3192    2984.5057     86.40569    0.0378496 
  355000   -7598.8188   -7597.3946     1.078788    291.71431    299.24358    5.0239189    24197.353    24197.353 0.0016194457    2743.4352    2750.2976    95.694988   0.03695501 
  360000   -7598.6404   -7595.4756    1.7444599    289.84658    301.05268    6.6208318    24197.353    24197.353 0.0016194457    2795.8663    2958.7621     137.3224  0.037741248 
  365000   -7595.9752   -7597.3908    1.3479315    302.17066    299.54667    3.8167008    24197.353    24197.353 0.0016194457    2860.0753    2670.4375    175.78052  0.036176454 
  370000   -7596.9952   -7595.2356    1.9672178    301.67011    301.42004    5.5149753    24197.353    24197.353 0.0016194457    2564.9575    3031.7036     248.6131   0.03582172 
  375000   -7596.5296   -7594.2919    1.6575095    297.19263    302.11453    5.5967715    24197.353    24197.353 0.0016194457    2908.0259    3228.1883    193.69428  0.035863257 
  380000   -7595.5779   -7595.6716    1.3623739    299.93208    300.61753    5.4669714    24197.353    24197.353 0.0016194457    3071.4386    3019.4916    111.13812  0.034680776 
  385000   -7595.6497    -7594.479    1.6851558    304.75959    303.30033     5.030629    24197.353    24197.353 0.0016194457    2744.6301    3034.1471    199.18217  0.033393833 
  390000   -7596.0262   -7596.0695    1.2594865    302.78292    298.77313    5.1658391    24197.353    24197.353 0.0016194457    2681.2816      2926.19    149.34869  0.033934757 
  395000   -7594.5364   -7594.4546    1.4999906    297.70872     301.0926    5.4647297    24197.353    24197.353 0.0016194457     3419.239    3227.2738    292.67651  0.035153619 
  400000   -7598.4821   -7597.2055    1.4083115    300.42769    300.46206    4.9287118    24197.353    24197.353 0.0016194457    2435.0642    2717.1961    147.15735  0.033623718 
  405000   -7595.9545   -7593.8582    1.3788648    291.78446    300.71874    4.5528737    24197.353    24197.353 0.0016194457     3300.005    3386.8612    103.98077  0.034595921 
  410000   -7595.2472   -7594.9396      1.27479     299.5598    298.76822    4.9058074    24197.353    24197.353 0.0016194457    3027.4645    3158.7627     130.5917   0.03506747 
  415000   -7591.6449   -7592.9928    1.8353888    307.57637    303.79611    6.2935204    24197.353    24197.353 0.0016194457    3458.1953    3365.5408    190.33508   0.03565556 
  420000   -7594.7617   -7595.5216     1.978548    306.30279    300.49559    5.6917022    24197.353    24197.353 0.0016194457    2984.7463    3084.6492    245.53493   0.03585013 
  425000   -7594.4494   -7594.6911    1.8450017    299.00358    301.46334    5.2481625    24197.353    24197.353 0.0016194457    3337.8681    3199.7608    209.59833  0.036150914 
  430000   -7597.8811    -7595.531    1.7502822    302.52493    302.85545    3.7982105    24197.353    24197.353 0.0016194457    2378.6736    2969.8665    333.78893  0.034428376 
  435000   -7596.0006   -7596.4804    1.2641568    301.37904    299.66068     5.368174    24197.353    24197.353 0.0016194457    2926.6122    2809.6974    187.81292  0.033694582 
  440000   -7599.0983   -7595.9855       1.1239    294.44107    300.04974    4.1538242    24197.353    24197.353 0.0016194457    2480.0953    2893.5711    132.40101  0.035175946 
  445000   -7592.1213   -7595.5632    1.7441779    308.11715    297.75256    5.8271766    24197.353    24197.353 0.0016194457    3425.0431    3135.4016    166.02558  0.035478514 
  450000   -7595.0499   -7595.4688    2.5202831    301.46406    299.76284    6.7936648    24197.353    24197.353 0.0016194457    3077.2228    3045.0583    328.63608  0.035872584 
  455000   -7597.1758   -7595.4883    1.3129278    295.65213    299.23221    3.5350425    24197.353    24197.353 0.0016194457     2908.551    3121.6525    184.87772   0.03589227 
  460000   -7601.7201   -7599.9704    2.2130506    294.83953    297.12876    3.6454699    24197.353    24197.353 0.0016194457    1950.7484    2210.5976     347.8702  0.034614318 
  465000   -7597.1772   -7594.0142    1.6674157    295.36853     305.1709    5.1780452    24197.353    24197.353 0.0016194457      2908.31    3116.7337    179.18296  0.036495676 
  470000   -7594.9982    -7595.371     1.314188    298.01731    301.87112    4.4510182    24197.353    24197.353 0.0016194457    3226.0289    2982.5061    158.36589  0.036393637 
  475000   -7595.5901   -7596.7402    1.6790104    296.34938    299.65946    5.2078977    24197.353    24197.353 0.0016194457    3109.7194    2754.0695    274.92471  0.036387879 
  480000   -7594.4422   -7595.0257     1.651812    299.11628    297.31459    7.0428797    24197.353    24197.353 0.0016194457    3350.1026    3281.3282    106.43315  0.035667412 
  485000   -7593.3846   -7597.2724    1.6164013    306.12609    299.35151    6.3454336    24197.353    24197.353 0.0016194457    3159.4756    2600.5264    244.58704  0.036387709 
  490000   -7594.3282   -7593.5113     1.540553    292.91119    298.79342    5.4940049    24197.353    24197.353 0.0016194457    3649.1012    3518.6957    125.07581  0.037080308 
  495000    -7596.261   -7594.8124     1.156345    295.37136    300.56703    4.5736634    24197.353    24197.353 0.0016194457     3135.899    3185.6437    107.73342  0.035594717 
  500000    -7597.162   -7596.7309    1.3281144    300.64614    299.55266    4.1192438    24197.353    24197.353 0.0016194457    2590.8027    2794.4786    240.93017  0.034391556 
  505000   -7596.3774   -7596.2494    1.2652566    300.52456    300.58713    3.9035591    24197.353    24197.353 0.0016194457    2798.7419    2868.3581    182.79851  0.035818995 
  510000   -7597.2481    -7596.524    2.0510889    301.59702    300.70167    5.7036434    24197.353    24197.353 0.0016194457    2553.8403    2687.6338     311.3939  0.034884883 
  515000   -7593.9514   -7594.8615    1.7728188    299.00419    302.37929    6.1210449    24197.353    24197.353 0.0016194457    3488.6254    3045.8491     225.4141  0.034971018 
  520000   -7598.5896   -7597.0318    1.7668307    295.34618    299.04993    5.3141801    24197.353    24197.353 0.0016194457    2552.8766    2755.0187    217.98661  0.034628855 
  525000   -7595.3245    -7594.021    1.6655306    294.76047    300.15356    5.4401686    24197.353    24197.353 0.0016194457    3322.7851    3400.9125      210.254  0.034980981 
  530000   -7597.0223   -7596.2634    1.1514739    301.32725    301.07752    4.5133935    24197.353    24197.353 0.0016194457    2703.7181    2870.4738    101.35042  0.036431971 
  535000   -7592.8977   -7594.5901    1.3942392    309.20597    303.64138    4.9308149    24197.353    24197.353 0.0016194457    3189.3684    3111.5462    123.39744  0.035820984 
  540000    -7595.233   -7596.0257    1.2730239    300.85786    299.42723     4.812951    24197.353    24197.353 0.0016194457    2962.9087    2838.9277    86.014264  0.037075758 
  545000   -7596.7333   -7594.6298    1.3140051    299.96959    302.97732    4.7591479    24197.353    24197.353 0.0016194457    2676.7234     3000.368     172.7416  0.036994031 
  550000    -7594.086    -7595.787    2.0953749    301.96634    300.34079    5.1171126    24197.353    24197.353 0.0016194457    3187.5386    2853.0968    300.85069  0.036870415 
  555000    -7594.288   -7596.2484     1.461884    303.87327    300.85807    4.8093779    24197.353    24197.353 0.0016194457    3085.7974    2820.7562    127.36105  0.036480065 
  560000   -7598.3156   -7598.1757    1.2311251    300.81591     296.2169    5.2212008    24197.353    24197.353 0.0016194457    2354.1433    2626.4331    166.44614  0.036154142 
  565000   -7599.5283   -7596.3379     2.269909    296.38768    301.68841    7.0346991    24197.353    24197.353 0.0016194457    2349.3711    2753.2995    267.70359  0.036036768 
  570000   -7593.3175    -7596.036    1.6419953    306.62498    297.66408    5.3590837    24197.353    24197.353 0.0016194457    3077.8635    2964.6925     159.9733  0.037296625 
  575000   -7596.1104   -7595.7301    1.5571247    296.94289    299.67054    4.6134614    24197.353    24197.353 0.0016194457    2985.3836    2974.6336    279.70631  0.034534061 
  580000   -7595.7328   -7596.3034    1.5057344    297.24684    298.01611     5.834414    24197.353    24197.353 0.0016194457    3195.4048     2981.799    188.41195  0.035652357 
  585000   -7594.8271   -7594.0333    1.2341065     302.3071    303.59315    5.2483676    24197.353    24197.353 0.0016194457    3064.2308     3192.519    120.56575  0.037017376 
  590000   -7594.9127   -7596.3673    1.6050953    307.41084     299.8386     4.595969    24197.353    24197.353 0.0016194457    2972.9011    2888.1731    204.86292  0.036202159 
  595000   -7595.6321   -7594.7743    1.4412254    299.08251    300.02324    3.8227262    24197.353    24197.353 0.0016194457    2984.4791    3213.4809    218.84699  0.036659592 
  600000   -7593.2792   -7593.7254    1.7006674    311.13472     303.9042    6.9610837    24197.353    24197.353 0.0016194457    3027.5229    3295.7427    170.26954   0.03647177 
  605000   -7591.3232   -7594.3786     1.340541    311.24272     299.8738    4.8260967    24197.353    24197.353 0.0016194457    3404.2181    3212.3803    118.59118  0.036769714 
  610000   -7597.2014   -7594.9087    1.6635223    294.98543    301.47138    4.5902365    24197.353    24197.353 0.0016194457    2935.9407    3100.8531    201.17752  0.035276305 
  615000   -7594.3876   -7596.1443    1.1529814    303.27947    301.25589    3.6294422    24197.353    24197.353 0.0016194457    3288.5831    2951.2367    131.42162  0.034909538 
  620000   -7596.2526   -7594.5268    1.5083481    301.07078    303.33293    6.2233724    24197.353    24197.353 0.0016194457    2795.3584    3109.8683    190.10702   0.03514945 
  625000    -7594.798   -7595.9147    1.6622833    300.12547    297.68297    5.1762744    24197.353    24197.353 0.0016194457    3208.8361    2987.7037    263.88965   0.03599141 
  630000    -7597.893   -7596.4878    1.1647584    295.22618    299.59403    3.7166022    24197.353    24197.353 0.0016194457    2774.8102    2822.5465    78.358543  0.036615073 
  635000   -7596.8005    -7595.465    1.3480247    292.70049    299.22077    4.8179588    24197.353    24197.353 0.0016194457    3184.9495    3164.6504    185.43875  0.036227367 
  640000   -7595.2338   -7596.0307    1.5731984    297.08648    301.43892    4.9850432    24197.353    24197.353 0.0016194457    3230.2356    2811.0472    147.70171   0.03642783 
  645000   -7595.8065   -7594.5565    1.1638491    294.16231    297.84027    4.9642057    24197.353    24197.353 0.0016194457    3429.2102    3465.5753    152.83675  0.037525563 
  650000   -7594.9478   -7595.1619    1.4203058    297.28789    299.02081    5.8382889    24197.353    24197.353 0.0016194457    3282.4265    3121.6255    110.25578  0.035958254 
  655000   -7594.3173   -7595.3965    1.0959382    306.44774    300.11947    4.3390343    24197.353    24197.353 0.0016194457    3089.6785    3082.5814    168.32151  0.036477898 
  660000   -7599.7933   -7598.1102    1.8845407    295.47093    299.11971    5.8071793    24197.353    24197.353 0.0016194457    2216.3478    2475.3836    194.53138  0.034583739 
  665000    -7595.933   -7596.5929    1.1368355    302.61547    297.67618    4.1750729    24197.353    24197.353 0.0016194457    2791.1885     2857.573    189.52866  0.036404919 
  670000   -7592.6332   -7594.7476    1.3665826    307.03868    300.36287    4.8871242    24197.353    24197.353 0.0016194457    3364.0137    3218.5361    97.912241  0.037101325 
  675000   -7594.6678   -7595.2515    1.4681817    298.92127    299.72636    3.7031032    24197.353    24197.353 0.0016194457    3348.3496    3119.1835    236.62766   0.03737001 
  680000    -7600.003    -7596.866    1.5396662    290.09864    299.52964    5.7031585    24197.353    24197.353 0.0016194457    2498.1381    2758.1865    254.09299  0.035636108 
  685000   -7595.0396   -7595.3286    1.5184122    299.52823    300.87792    5.2539146    24197.353    24197.353 0.0016194457    3155.3474     3027.489    210.54296  0.034181875 
  690000   -7596.4884   -7596.5301    1.4072469    297.58539    299.45141    4.8563209    24197.353    24197.353 0.0016194457    2932.1347    2895.1098    193.81942  0.035002649 
  695000   -7594.8556   -7595.5157    1.2299294    297.86666    298.79686    5.4548403    24197.353    24197.353 0.0016194457    3202.1179    3100.0194    99.498807  0.034321716 
  700000   -7594.9729   -7596.7118   0.95496888    303.35145    298.68473    4.6770137    24197.353    24197.353 0.0016194457    2955.0754    2838.8072    109.67051  0.034497203 
  705000   -7598.5839   -7594.2482    1.7667062     294.2043     301.6423    5.1708152    24197.353    24197.353 0.0016194457    2727.0755    3278.4081     236.6863  0.035528746 
  710000   -7594.8621   -7594.2324     2.264229    302.72611    298.77362    4.8366962    24197.353    24197.353 0.0016194457    3077.3097    3356.9465    339.61259  0.036881225 
  715000   -7597.1621   -7596.5394    1.1628345    300.82516    299.06383    3.9540364    24197.353    24197.353 0.0016194457    2713.6831     2892.187    93.808971  0.037079242 
  720000   -7597.4081   -7596.2664    1.3769096    296.27222    297.86922    5.8044314    24197.353    24197.353 0.0016194457    2691.6923    2904.4432    150.22623  0.035185006 
  725000   -7597.3734   -7598.1263    1.2699371    298.22378     296.1875    4.6590213    24197.353    24197.353 0.0016194457     2727.141    2640.6803    192.10906  0.033865476 
  730000   -7594.8221   -7595.7153    1.3613432    293.91112    299.78354    4.3367644    24197.353    24197.353 0.0016194457    3536.9232    2974.8508    328.91079  0.035693324 
  735000    -7594.549   -7596.2091    1.9984351    299.72691    297.66095    5.7889151    24197.353    24197.353 0.0016194457    3227.0677    2928.3316    317.66959  0.035693547 
  740000   -7596.5838   -7593.7122    1.6665729    293.55399    301.78838    6.1245251    24197.353    24197.353 0.0016194457    3179.6816    3418.9242    220.09248  0.036585615 
  745000   -7594.9441   -7593.6488    1.7734366    304.90787    301.89949    5.6804718    24197.353    24197.353 0.0016194457    2885.1351    3401.7387    290.17163   0.03689053 
  750000   -7596.0431   -7595.1209     1.584583    293.59142    299.82318    4.5313833    24197.353    24197.353 0.0016194457    3197.9416    3165.2425     163.9088  0.037074884 
  755000    -7597.579   -7594.1111    1.4889494    291.83486    300.72999    4.7796235    24197.353    24197.353 0.0016194457     2969.531     3298.687    233.59064  0.037216339 
  760000   -7594.6898   -7595.5371    1.6292376    306.21697    300.81471    5.8961464    24197.353    24197.353 0.0016194457    2947.9772    2959.9531    155.14835  0.036609377 
  765000   -7597.1674    -7597.267    1.7771519    300.93686    301.08877    5.0832042    24197.353    24197.353 0.0016194457      2719.89    2637.7072    280.37774  0.035875208 
  770000   -7597.0703   -7597.9751    1.5561582     300.2783    296.92138    5.3944159    24197.353    24197.353 0.0016194457     2719.784    2701.5356    97.788363  0.034921674 
  775000   -7595.2576   -7597.1115    1.6683103    303.43319    297.64172    5.8765686    24197.353    24197.353 0.0016194457    2813.2647    2698.4438    163.87934  0.035691911 
  780000   -7594.2002   -7594.4562    1.5154246    306.44301    300.82137    4.2838404    24197.353    24197.353 0.0016194457    2955.6814     3180.984    216.61604   0.03636262 
  785000   -7595.0251   -7593.9357    1.4072068    299.53061    300.36738    5.7395316    24197.353    24197.353 0.0016194457     3152.042    3360.4994     71.34711  0.036077285 
  790000   -7595.7133   -7596.9192    2.0108618    305.98277    299.51364    5.5571814    24197.353    24197.353 0.0016194457     2726.179    2734.6779    242.91805  0.036012217 
  795000   -7597.9627     -7596.86     1.475549    297.39395    297.52983    5.8330511    24197.353    24197.353 0.0016194457    2561.0398    2827.0971    132.35674  0.035415468 
  800000   -7596.8031   -7597.0772    1.9160409    291.88444    299.02103    5.6523535    24197.353    24197.353 0.0016194457    3140.4473    2755.0193    307.77158  0.035943794 
  805000    -7594.485   -7594.3482    1.7502074     302.1349    298.66288    5.8923434    24197.353    24197.353 0.0016194457    3140.6061    3385.7653    161.07148  0.036879434 
  810000   -7597.3015   -7595.8559    1.4130836    294.61451    300.83799    4.8172091    24197.353    24197.353 0.0016194457    2958.1982    2917.7725    126.95124  0.036373157 
  815000   -7593.0859   -7593.8132    1.4959883    303.94581    300.05314    4.4309127    24197.353    24197.353 0.0016194457    3373.9149    3374.1187    257.18796  0.037032749 
  820000   -7595.0323   -7595.2696    1.4777925    300.59707    303.49361    4.8158205    24197.353    24197.353 0.0016194457    3061.4758    2930.8773    114.74023  0.036355403 
  825000   -7597.0186   -7596.4048    1.1336273    295.80681    299.72217     3.546213    24197.353    24197.353 0.0016194457    2907.2896    2893.0801    131.64013   0.03710099 
  830000   -7594.8166   -7595.9031    1.6359673    304.58795    300.62478    5.5378937    24197.353    24197.353 0.0016194457    3050.5144    2990.3613    136.12549  0.036090724 
  835000   -7593.0533   -7595.7938    1.5065753     306.8539    297.44797    5.6200758    24197.353    24197.353 0.0016194457    3274.5402    3093.5944    136.65741     0.037187 
  840000   -7594.6774   -7595.0891    1.5663648    300.19701    300.59816    6.1861506    24197.353    24197.353 0.0016194457    3146.3756    3088.1124    103.11095  0.035854509 
  845000   -7599.2387   -7597.6213    1.4062791    294.52841    299.56744     5.217223    24197.353    24197.353 0.0016194457    2529.5003    2660.3693    126.20014  0.034023273 
  850000   -7597.1769   -7594.4118    1.3920213    293.58746    302.23327    4.7548077    24197.353    24197.353 0.0016194457    3005.6668    3189.3215     137.8879  0.035672656 
  855000   -7594.9926   -7596.8887     1.043902    307.37924    300.35713    4.3728772    24197.353    24197.353 0.0016194457    2789.4816    2708.5869    176.11227  0.036727539 
  860000   -7596.0083   -7594.4615    1.6596222    293.87115     299.4708    5.0788888    24197.353    24197.353 0.0016194457    3262.0561    3337.4786    180.40268  0.035625673 
  865000   -7596.6373   -7594.6813    1.6919094    291.07786    299.42093    5.5666908    24197.353    24197.353 0.0016194457      3183.95    3262.6911    153.54064  0.035884525 
  870000   -7597.4635    -7596.523     2.190911    299.14577    299.55585    7.7562416    24197.353    24197.353 0.0016194457    2675.0154    2872.0353    160.20293  0.034918262 
  875000   -7596.2228   -7594.9303    1.4787798    294.65285    301.45998    5.4919333    24197.353    24197.353 0.0016194457    3197.0041    3142.1345    122.57734  0.035318056 
  880000   -7597.6787   -7597.3226    1.1811601    298.99837    299.33463    5.3358458    24197.353    24197.353 0.0016194457    2645.3974    2714.1755    141.61304   0.03366556 
  885000   -7597.6663    -7598.894     1.578076    298.09914    297.56133    4.3087954    24197.353    24197.353 0.0016194457    2689.8146    2454.6101    270.43977  0.035133717 
  890000   -7593.3172   -7595.5532    1.3843652    308.83985    302.67408     6.218238    24197.353    24197.353 0.0016194457    3104.6229    2974.2753    124.25377  0.036261226 
  895000   -7596.8503   -7596.8523    1.8583844    293.64784    299.09336    6.7005289    24197.353    24197.353 0.0016194457    2912.6259    2689.0961    175.43449  0.036274585 
  900000   -7594.0642   -7596.5161    1.3996803    306.59195    300.68469    5.2532298    24197.353    24197.353 0.0016194457    3038.8257    2742.1625    164.34286  0.034640176 
  905000    -7594.807   -7596.9147    1.5436046    303.78237    300.49349    4.3300818    24197.353    24197.353 0.0016194457    3061.2233    2726.9834    213.68358  0.033903894 
  910000   -7597.1964   -7596.0331    1.1341216    295.51111    299.76646    4.8999213    24197.353    24197.353 0.0016194457    2836.6958    2840.6658    107.33481  0.034515223 
  915000   -7594.4709   -7594.4907    1.8370206    300.74231    299.89177    5.6588849    24197.353    24197.353 0.0016194457    3211.2538    3255.5096    151.58122  0.036386855 
  920000   -7593.9294   -7595.6464    2.0763684     301.9094    299.72701    4.6025653    24197.353    24197.353 0.0016194457    3300.9167    3020.0369     368.5383  0.035889704 
  925000   -7594.4084   -7594.7333    1.2378758    302.79971    301.30781    5.0333054    24197.353    24197.353 0.0016194457    3212.4046    3202.1675    117.41466  0.035541563 
  930000   -7592.1985    -7592.684    1.5296011    301.12602    303.70552    4.8848956    24197.353    24197.353 0.0016194457    3708.1229    3475.9728    218.39554  0.036360186 
  935000   -7597.2995   -7595.6634     1.219427    290.82886    303.63606    6.3452501    24197.353    24197.353 0.0016194457    2943.3371    2786.1311     158.7172  0.036573797 
  940000   -7593.8301   -7596.7425    2.0771547    301.56134    295.21196    5.8102658    24197.353    24197.353 0.0016194457    3213.6052    2908.4852    233.71052  0.036105357 
  945000   -7596.1697   -7595.8428    1.4757201     293.1572    298.77236    5.7142859    24197.353    24197.353 0.0016194457    3145.5928    3020.5531    84.200735  0.035858843 
  950000   -7593.7728   -7595.9934    1.3380967    310.89392    300.45789    4.4552677    24197.353    24197.353 0.0016194457    2902.7728    2952.6853    152.63203   0.03600371 
  955000   -7594.9088   -7595.2451    1.4419474    296.42693    299.78587    5.0130928    24197.353    24197.353 0.0016194457    3208.0513     3042.814    192.15775  0.036326882 
  960000   -7595.2428   -7595.9925    1.3389435    306.18655    299.18185    4.4616627    24197.353    24197.353 0.0016194457     2710.327    2860.2071    142.29854  0.036645304 
  965000   -7594.9639   -7595.1369    1.4145352    299.51206    301.10255    5.4641134    24197.353    24197.353 0.0016194457    3107.0578    2984.5158    150.96605  0.035315808 
  970000   -7600.2056   -7594.7513    2.1326834    288.83364    301.42099    4.1058749    24197.353    24197.353 0.0016194457     2443.368    3074.3782    373.20325  0.034628939 
  975000   -7597.8427   -7597.5351     1.150577    303.41583    299.85746    4.6153463    24197.353    24197.353 0.0016194457    2412.8361    2650.0294     122.9109  0.035364348 
  980000   -7595.4728   -7595.7526    1.4256757    302.72335    296.05436    4.1750083    24197.353    24197.353 0.0016194457    2966.7309     3171.836    170.13914    0.0354063 
  985000   -7596.9503   -7595.6438     1.418745     303.6978    300.10605    5.1985823    24197.353    24197.353 0.0016194457    2463.3688    2908.8899    213.29788  0.035286996 
  990000    -7593.662   -7594.9174    1.3884422    308.14807     301.3991    4.1813717    24197.353    24197.353 0.0016194457    3053.9679    3065.0582    238.89562  0.036603911 
  995000    -7595.127   -7597.8436    1.9022614    299.63144     299.4317    4.0915014    24197.353    24197.353 0.0016194457    3116.3607    2563.2913    331.10631  0.035692297 
 1000000   -7593.0247   -7595.3205    1.1598709    306.71248    298.99823    3.5941857    24197.353    24197.353 0.0016194457    3240.3879    3115.5518    120.90945  0.037394374 
 1005000   -7593.7073    -7594.609    1.5061088     298.1545    299.55744    4.7859784    24197.353    24197.353 0.0016194457    3456.4355    3170.7234    224.19521  0.037364375 
 1010000   -7597.7027   -7596.2982    1.5931723    303.25021    299.90558    5.0512333    24197.353    24197.353 0.0016194457    2443.9766    2855.5303    229.29313  0.037161722 
 1015000   -7593.3692    -7595.049    1.2461356    304.43803    297.65813    4.8226107    24197.353    24197.353 0.0016194457    3207.9159    3134.5622    92.797877  0.037961169 
 1020000   -7594.5384   -7595.9073    1.2679242    304.10079    298.96747    4.0139263    24197.353    24197.353 0.0016194457    3012.3135    2954.3622    163.17083  0.037528166 
 1025000   -7596.8163    -7595.476    1.6570849    295.81929    301.14277    6.1210476    24197.353    24197.353 0.0016194457    2980.9684    3010.0305    149.24984  0.036847053 
 1030000   -7593.0311   -7593.7886    1.5129542    300.62886    300.89309    5.5847238    24197.353    24197.353 0.0016194457    3620.3221    3388.3324    100.92557  0.036251647 
 1035000   -7597.8584   -7596.7912    1.2159604    293.21941     301.7589    4.7952191    24197.353    24197.353 0.0016194457    2784.1355    2658.4728    99.163865  0.035940109 
 1040000   -7595.4328    -7594.845    1.7270433     296.6294    299.56177    6.0944522    24197.353    24197.353 0.0016194457    3310.0378    3240.1462    171.10029  0.036095617 
 1045000   -7595.8481   -7595.6217     1.352876    293.84867    300.28218    4.9584849    24197.353    24197.353 0.0016194457    3211.4284    2952.5648    174.96815  0.036960405 
 1050000   -7593.4292   -7595.1766    1.4950478    301.37953    301.45119    5.0620134    24197.353    24197.353 0.0016194457    3395.1302    3064.0632    160.83558  0.038298059 
 1055000   -7596.9976   -7595.0518    1.4059332    296.54501    302.66562    6.6159959    24197.353    24197.353 0.0016194457    2942.9699    3056.9675     72.95414  0.038344116 
 1060000   -7596.6406   -7596.5004     1.352002    301.72265    301.71537    5.6084926    24197.353    24197.353 0.0016194457    2670.6028    2643.0533    146.41496  0.037305376 
 1065000    -7595.596   -7595.4607    1.5720488    292.30853     297.4803    4.9259162    24197.353    24197.353 0.0016194457    3340.7777    3147.5968    264.44786  0.036386868 
 1070000   -7596.4559   -7594.5632     1.548567    300.02847    298.49723    5.7130666    24197.353    24197.353 0.0016194457    2700.5641    3273.8317    292.32032  0.037303596 
 1075000   -7596.5974   -7594.2507    1.3717254    293.03608    300.90142    5.3182767    24197.353    24197.353 0.0016194457    3118.3407    3252.3052    130.79103   0.03735382 
 1080000   -7593.6334    -7594.723    1.4624686    305.18449    300.00622     5.142413    24197.353    24197.353 0.0016194457    3301.5481    3214.9432    149.01052  0.037237266 
 1085000   -7593.4846   -7594.8248    1.1740764    305.37125    300.91595    4.9751467    24197.353    24197.353 0.0016194457    3275.3629     3226.658    117.65852  0.037182291 
 1090000   -7594.8048   -7597.3805    1.4888647    307.52903    300.29059    5.9932782    24197.353    24197.353 0.0016194457    2760.0333    2554.1352    116.01051  0.035694718 
 1095000   -7594.4347   -7593.9309    1.4992738    304.45255    301.75948    5.1252765    24197.353    24197.353 0.0016194457    3023.2606    3281.1743    129.08275  0.036953238 
 1100000   -7592.5015    -7594.826    1.8647836     311.5631    299.54137    6.8125561    24197.353    24197.353 0.0016194457    3191.5106     3252.675    128.66532  0.036591872 
 1105000   -7596.5169   -7596.9142    1.4261381    300.50382    300.51968    4.8088337    24197.353    24197.353 0.0016194457    2784.2352    2705.0768    245.88126  0.034666304 
 1110000    -7596.654   -7596.0521     1.158118    304.26214      300.645    5.4724536    24197.353    24197.353 0.0016194457    2536.7063    2908.5361    181.73489   0.03498548 
 1115000   -7599.9319    -7598.414    1.3550978     295.8776    298.80484     4.943347    24197.353    24197.353 0.0016194457    2195.4296    2431.0349    119.56112  0.034094282 
 1120000   -7597.6781   -7597.0986    1.2095692    291.04122    297.04809    4.8976487    24197.353    24197.353 0.0016194457    2940.2235    2725.2521     234.6055  0.036352766 
 1125000   -7594.1088   -7595.8071    1.5645879    300.11401    300.06271    4.2319397    24197.353    24197.353 0.0016194457    3417.1435    2985.3263    325.54106  0.035565499 
 1130000   -7593.7272   -7595.3956    1.8082024    311.71199    300.96193    5.2715883    24197.353    24197.353 0.0016194457     2930.842    3061.6249    214.45024  0.035285937 
 1135000   -7594.9052   -7595.3613     1.182301    299.26946      301.764     5.436854    24197.353    24197.353 0.0016194457    3181.1348    2961.2127    154.15976   0.03856306 
 1140000   -7596.0774    -7595.731    1.1427547    296.01106     300.2948    4.5038618    24197.353    24197.353 0.0016194457    3081.1158    2925.4535    84.620255  0.036212921 
 1145000   -7598.5324    -7596.067    1.3736447    292.20263    300.77319    4.6893601    24197.353    24197.353 0.0016194457      2729.88    2878.9668    135.73894  0.035699621 
 1150000   -7592.4661   -7593.2034    1.0588727    307.75454    301.47596     3.539733    24197.353    24197.353 0.0016194457    3250.4825    3423.1711     151.7417  0.034578991 
 1155000   -7596.4752   -7595.7408    1.3138764    300.62494     300.1708    4.8870975    24197.353    24197.353 0.0016194457    2693.7511    2887.5071    140.91188  0.034637281 
 1160000   -7593.6167   -7593.8168     1.305591    298.46471    301.00544    5.6395042    24197.353    24197.353 0.0016194457    3581.5005    3351.6016    174.63203   0.03726144 
 1165000   -7595.2893   -7595.8266    1.5111314    298.02744    297.29681    5.6422064    24197.353    24197.353 0.0016194457    3212.4841    3084.0866    102.01391  0.037746469 
 1170000   -7598.9682   -7599.4339    1.4595916     293.8761    296.21959    3.9886094    24197.353    24197.353 0.0016194457    2581.8413    2360.9001    249.81009  0.035925767 
 1175000   -7595.5873   -7596.6296     1.101879    300.04313    300.74565     3.762715    24197.353    24197.353 0.0016194457    2946.8146    2720.1985    148.20649   0.03569431 
 1180000   -7596.5357   -7593.5557    1.4569106    296.63318    301.05904    4.8665976    24197.353    24197.353 0.0016194457    2913.3062    3368.9162    202.47192   0.03582716 
 1185000   -7596.8079   -7594.2262    1.4257453    295.81839    298.86952    5.9733492    24197.353    24197.353 0.0016194457    2919.0686    3328.3475    254.35968  0.036197249 
 1190000   -7596.7874   -7596.5815     1.357476    291.30191    298.14021    4.3468911    24197.353    24197.353 0.0016194457    3188.1072    2926.7679    227.51487   0.03613608 
 1195000    -7592.252   -7593.3783    2.0480923    302.68093    301.05957    4.3447502    24197.353    24197.353 0.0016194457    3589.1028    3414.6745    317.34623  0.036535037 
 1200000   -7597.6232   -7596.2817    1.7643093    303.65619    300.44305     5.363542    24197.353    24197.353 0.0016194457     2519.189    2890.0624    222.31046  0.035408094 
 1205000   -7596.9543    -7595.441    1.7332519    297.00045    299.88839    3.5308579    24197.353    24197.353 0.0016194457    2843.0883     3034.958    356.29771  0.035633675 
 1210000   -7597.3458   -7594.7518    1.0496354    295.65526     300.2842    5.0024313    24197.353    24197.353 0.0016194457    2738.8005    3139.4092    161.58143  0.035757277 
 1215000   -7594.0754   -7593.2494    1.3345922    305.92126    303.28595    4.7979111    24197.353    24197.353 0.0016194457    2940.6848    3324.0725    241.86676  0.035204246 
