Step TotEng v_varAveEnergy v_energySTD Temp v_varAveTemp v_tempSTD Volume v_varAveVolume v_volumeSTD Press v_varAvePress v_pressSTD c_MSD[4] 
  160000   -7592.7263   -7590.7139    1.3319924    292.32626    297.36465    5.2416522    24711.132    24711.132 0.00048828125   -26585.488    -26364.14    149.67652 5.7141571e-29 
  165000   -7588.1713   -7589.5556    1.8189829    295.96778    297.85343    3.8936722    24711.132    24711.132 0.00048828125   -25877.885   -26253.805    298.20527    0.0318367 
  170000   -7590.2382   -7590.6003     1.299176    295.11039    299.24018    4.8665255    24711.132    24711.132 0.00048828125   -26323.535   -26573.292    126.68078  0.035304035 
  175000   -7586.1992    -7589.229    2.0571491    304.91991     301.5541    5.3853827    24711.132    24711.132 0.00048828125   -25936.539   -26441.519    255.36148  0.036811575 
  180000   -7590.7472   -7588.9015     1.144428    294.48852    301.24169    5.1421057    24711.132    24711.132 0.00048828125   -26260.642   -26256.301    128.38941  0.038021333 
  185000   -7590.2267   -7589.4855    1.5012959    298.81225    300.23109    4.2374539    24711.132    24711.132 0.00048828125   -26383.947   -26312.652     189.5496  0.038350869 
  190000   -7587.6739   -7589.2281    1.3470529     307.6715    299.37755    5.5425159    24711.132    24711.132 0.00048828125   -26360.849   -26321.099     140.5745  0.039164361 
  195000   -7591.1911   -7588.5567    1.5378531    296.06692    301.60893    5.4894649    24711.132    24711.132 0.00048828125   -26499.226   -26175.407    152.59796  0.039312205 
  200000   -7586.8926   -7588.2799   0.94814111    301.49015    298.66407    4.0312747    24711.132    24711.132 0.00048828125   -25778.734   -26008.837    97.645225  0.039115486 
  205000   -7588.9243   -7588.2233    1.3503283    300.93794    300.96381    5.4844871    24711.132    24711.132 0.00048828125   -26395.578   -26187.027     162.9784  0.039456177 
  210000   -7587.2776   -7587.4712    1.0854189    301.62083    299.84551    4.6563307    24711.132    24711.132 0.00048828125   -25810.118   -25833.988     85.25042  0.040384735 
  215000   -7590.3104    -7588.656    1.5325315    298.04549    302.73062    4.9586346    24711.132    24711.132 0.00048828125   -26181.669   -26158.739    180.79692  0.038450804 
  220000    -7590.671   -7591.9744    1.5692794    309.36732    298.57386    4.4371574    24711.132    24711.132 0.00048828125   -26963.521   -26727.882    268.18357  0.038735829 
  225000   -7588.6041   -7588.1919    1.1474134    294.02841    299.55534    4.0141629    24711.132    24711.132 0.00048828125    -25825.39   -25976.193    201.27826  0.038786864 
  230000   -7591.2208   -7590.9216    1.5185923    294.60346    296.70504    5.5178476    24711.132    24711.132 0.00048828125   -26457.765   -26485.746     110.3124  0.039127515 
  235000   -7590.2198   -7590.2351    1.5567152    308.42807     301.2092    5.1936337    24711.132    24711.132 0.00048828125   -26689.062   -26398.712    226.89716  0.038486232 
  240000   -7587.9546   -7588.7253      1.23966    300.75694    299.11503    3.8387819    24711.132    24711.132 0.00048828125   -26002.117   -26086.219    149.71548  0.039208487 
  245000   -7588.7876   -7589.5801    1.5900386    298.54254    300.19739    5.5720838    24711.132    24711.132 0.00048828125   -25965.474   -26250.756    164.03994  0.037905283 
  250000    -7589.396   -7589.3791    1.5511976    299.28368    299.17115    6.7405155    24711.132    24711.132 0.00048828125    -26240.21    -26235.81    57.748152  0.038418271 
  255000   -7591.9104   -7590.5073    1.4003456    295.86467    299.47993    5.0990227    24711.132    24711.132 0.00048828125   -26603.571   -26430.718    117.47708  0.038810185 
  260000   -7586.8008   -7589.5303     2.052705    302.00426    299.49277    5.5681506    24711.132    24711.132 0.00048828125   -25658.855   -26215.806    311.91961  0.040454468 
  265000   -7583.2346   -7585.5762    2.1825912    307.81408     304.7715     5.380321    24711.132    24711.132 0.00048828125   -25250.937   -25550.327    265.07733  0.041532964 
  270000   -7590.7075   -7592.2477    1.6078892    298.40312    301.47352     4.905267    24711.132    24711.132 0.00048828125   -26494.387   -26942.193    175.70719  0.038524237 
  275000   -7591.6307   -7590.8487    1.5477823    295.89849     298.2258    5.3419119    24711.132    24711.132 0.00048828125   -26479.115   -26497.898    134.86103  0.038689454 
  280000   -7589.1884   -7589.9261    1.2659991    299.57894    299.39907    5.0676112    24711.132    24711.132 0.00048828125   -26241.202   -26364.252    134.14731  0.039407559 
  285000   -7587.7404   -7590.7448    1.1486541    314.83059    300.26031    4.5253412    24711.132    24711.132 0.00048828125   -26652.504   -26618.362    117.16843  0.037509032 
  290000   -7588.4504    -7590.029    1.5897891    305.69151    299.67571    4.4282076    24711.132    24711.132 0.00048828125   -26417.254   -26504.876    140.46552  0.038913653 
  295000   -7588.1701   -7589.1182    1.8960623    300.89168    302.10118    4.6103793    24711.132    24711.132 0.00048828125   -26001.783    -26250.19    277.08897  0.038403409 
  300000   -7588.0764   -7591.2606    1.7850207    310.09444    299.04125    6.0359805    24711.132    24711.132 0.00048828125   -26449.024   -26690.398    255.77535  0.039322668 
  305000   -7587.7929   -7588.8558    1.3744605    309.55302    300.98125     5.613874    24711.132    24711.132 0.00048828125   -26236.976    -26178.74    206.38017  0.038399147 
  310000   -7591.1539   -7589.3091    1.7994142    301.94891    300.04493     4.594696    24711.132    24711.132 0.00048828125    -26694.28   -26264.686    242.06192  0.037847829 
  315000   -7591.8203   -7590.0189    1.3189081    294.60962    299.42669    5.2323192    24711.132    24711.132 0.00048828125   -26580.169   -26412.232    146.22571   0.03792583 
  320000   -7587.9871   -7589.6712    1.7183486    305.32405    302.66358    5.6388148    24711.132    24711.132 0.00048828125   -26217.514   -26437.274    169.34025  0.038834978 
  325000   -7589.9818   -7592.0952    1.3626805    303.55894    300.07086     4.551281    24711.132    24711.132 0.00048828125   -26573.329   -26889.654     146.6914  0.037995463 
  330000   -7589.6832   -7589.3896    1.9568615    303.12481    301.57963    6.6844729    24711.132    24711.132 0.00048828125   -26463.469   -26297.447    260.39198   0.03895039 
  335000   -7591.7539   -7592.1055    1.3103342    302.94705    298.56212    4.6697577    24711.132    24711.132 0.00048828125   -26863.014   -26745.293    106.71889  0.040666516 
  340000   -7595.1886   -7593.0119    1.6135823     289.0101    296.70506    6.0308731    24711.132    24711.132 0.00048828125   -27102.501   -26949.466    104.93137  0.039084149 
  345000   -7590.6114   -7589.4559    1.2875842    296.64381    300.53097    4.9057147    24711.132    24711.132 0.00048828125   -26555.677   -26379.521    146.22153  0.041001401 
  350000   -7587.9569   -7588.6373   0.91030038    303.97132    299.86536    3.8564946    24711.132    24711.132 0.00048828125   -26198.613   -26101.396    63.360295  0.040229878 
  355000   -7591.7378   -7591.7947    1.8713415    296.80564    297.42301    5.2730383    24711.132    24711.132 0.00048828125   -26614.823   -26740.106    278.82344  0.039129913 
  360000   -7591.9002   -7591.0391    1.3583811    297.71324    299.62441    4.7566172    24711.132    24711.132 0.00048828125   -26713.364   -26652.103    201.37796   0.03822814 
  365000   -7595.4214   -7591.9986    1.8883021    289.69326     298.7893    5.7129902    24711.132    24711.132 0.00048828125   -27175.631   -26812.672    195.14496  0.038860655 
  370000   -7588.0645   -7589.7018    1.8586423    308.64633    300.77345    5.0278262    24711.132    24711.132 0.00048828125   -26483.392   -26383.787    273.17006  0.040785047 
  375000   -7588.5634   -7587.6513    1.8519413    291.80485    299.48935     4.922179    24711.132    24711.132 0.00048828125   -25626.139    -25893.83    323.98923  0.041690602 
  380000   -7591.6846   -7590.3331    1.5576283    302.17519    300.83099    4.6630734    24711.132    24711.132 0.00048828125   -26940.051   -26585.878    215.05799  0.039757903 
  385000   -7589.6681   -7589.8112    1.6979069    304.82842    299.46235    5.0752585    24711.132    24711.132 0.00048828125   -26575.173   -26322.996    285.35302  0.041349442 
  390000   -7588.5594    -7589.905    1.5616386    304.89365    300.96216    5.7009654    24711.132    24711.132 0.00048828125   -26334.819   -26420.927    102.98822   0.04171968 
  395000   -7595.5081    -7591.581    2.3153765    289.57087    296.73919    5.9972455    24711.132    24711.132 0.00048828125   -27104.413   -26569.062    326.23293  0.040935407 
  400000   -7587.4565   -7587.9915    1.7195338    299.22018     303.5515    3.9884795    24711.132    24711.132 0.00048828125   -25798.775   -26055.488    285.56532  0.041050229 
  405000   -7586.1228    -7588.738    1.4253738     306.9657    301.80768    5.1076953    24711.132    24711.132 0.00048828125   -25762.053   -26197.477    142.72488  0.039689671 
  410000   -7593.3064   -7590.8847     1.511571     294.3271    300.45213    4.6752462    24711.132    24711.132 0.00048828125   -26840.358   -26590.579    240.60429   0.04065898 
  415000    -7589.308   -7590.7159    1.6617188    300.86003    299.14371    5.6842299    24711.132    24711.132 0.00048828125   -26260.361   -26549.376    225.19466  0.041187708 
  420000   -7590.8867    -7591.361    1.5633643    302.44264    301.42636    5.6627217    24711.132    24711.132 0.00048828125   -26757.821   -26796.931    207.67647  0.041062692 
  425000   -7587.9072   -7588.1273    1.2883861    302.66351    300.71376    3.3869347    24711.132    24711.132 0.00048828125   -26091.824   -25993.336    187.09089  0.042896745 
  430000   -7590.1018   -7591.3094    1.3033293    299.98641    299.35572    4.2166969    24711.132    24711.132 0.00048828125   -26379.014   -26704.579    155.70229  0.040698105 
  435000   -7587.4671   -7589.1857    1.5347276    307.18134      301.902    5.4732313    24711.132    24711.132 0.00048828125   -26097.046   -26266.682    102.11389  0.039907535 
  440000   -7587.9421   -7589.8275    1.4313757    305.86741    299.00114     5.325288    24711.132    24711.132 0.00048828125   -26341.491   -26394.121    82.908048  0.039587148 
  445000   -7586.8836   -7589.0596    1.5355419    298.32475    298.91482    5.5962315    24711.132    24711.132 0.00048828125   -25676.626   -26230.045     241.8276   0.04145438 
  450000   -7591.8559   -7590.1667    1.7172745    300.81541    301.24575     5.123364    24711.132    24711.132 0.00048828125   -26783.812   -26477.224    222.08407  0.039206065 
  455000   -7591.5788   -7588.8662    1.5320595    295.36872     297.9094    4.9899373    24711.132    24711.132 0.00048828125   -26591.362   -26041.903     171.0659  0.040387595 
  460000   -7590.4079   -7589.1403    2.3036725    301.79323    303.46449    6.9460558    24711.132    24711.132 0.00048828125   -26682.804    -26407.31    279.25171  0.039888947 
  465000   -7586.8173   -7588.3587    2.0329869     301.5677    300.02476    5.3774328    24711.132    24711.132 0.00048828125   -25729.476   -26003.572    309.69102  0.040272179 
  470000   -7590.7943   -7588.9717    1.2461519    292.20628    300.60638     4.756742    24711.132    24711.132 0.00048828125   -26221.356    -26223.82    71.558458  0.039728158 
  475000   -7585.2667   -7589.5166     2.265074    304.40899    299.10199    5.4488937    24711.132    24711.132 0.00048828125   -25545.407   -26318.679    410.17785  0.038089085 
  480000   -7591.6533   -7589.6348    1.2372886    291.73257    301.68525    5.2749263    24711.132    24711.132 0.00048828125   -26476.102   -26477.749    65.746599  0.037588765 
  485000   -7587.8428    -7588.998    1.8393415    303.32333    299.83886     5.568992    24711.132    24711.132 0.00048828125   -26054.193   -26123.064    230.94441  0.038756399 
  490000   -7586.4275   -7588.1926    1.7153688    304.40548    301.44416    6.3311079    24711.132    24711.132 0.00048828125   -25751.977   -26031.603    199.85847  0.038394562 
  495000   -7589.8694   -7587.6052    1.2099315    299.08937    301.37932    3.8163106    24711.132    24711.132 0.00048828125   -26316.795   -25904.135    178.70342  0.038588252 
  500000   -7586.3391   -7589.5664    1.9637261    305.04676    299.86792    5.6547975    24711.132    24711.132 0.00048828125   -25804.981   -26310.278    222.89453  0.038163249 
  505000   -7588.9029   -7588.4642    2.2479291      294.074    300.29133    4.7866089    24711.132    24711.132 0.00048828125   -26064.019   -26161.433     328.5496  0.040249799 
  510000   -7588.0695   -7590.0021    1.1917496    304.84838     298.5672    4.8662159    24711.132    24711.132 0.00048828125   -26227.487   -26327.849    163.98349  0.040665716 
  515000   -7589.3842   -7590.6253    1.4004309    302.00114    299.87714    4.8147277    24711.132    24711.132 0.00048828125   -26311.422   -26569.367    184.33257  0.040214988 
  520000    -7589.996    -7589.558    1.2307889    298.31346    299.49051    4.7699547    24711.132    24711.132 0.00048828125   -26333.445    -26280.57    100.87178  0.039423174 
  525000   -7588.6198   -7587.5268    1.5849046    295.38429    300.67194    5.6605283    24711.132    24711.132 0.00048828125   -25913.414   -25919.311    146.00358  0.039578715 
  530000   -7590.0932   -7589.8759    1.3453289    296.05372    300.62948    4.8031711    24711.132    24711.132 0.00048828125   -26220.998   -26444.058    208.66618  0.039014591 
  535000   -7589.4305   -7590.1929    1.8928234    301.37692    298.79741    4.6595851    24711.132    24711.132 0.00048828125   -26278.273    -26383.46    270.50242  0.040659255 
  540000   -7590.1791   -7591.2669    1.4419398     299.1324     298.7226    4.5669214    24711.132    24711.132 0.00048828125   -26453.583   -26626.938    158.85528  0.041050367 
  545000   -7592.5986   -7591.0002    1.6968548    303.09436    301.55758     4.337144    24711.132    24711.132 0.00048828125   -27071.976   -26729.768    293.75483  0.038534659 
  550000   -7587.4017   -7588.4854    1.3000339    303.85716    303.21529    4.8170845    24711.132    24711.132 0.00048828125   -26060.716   -26224.327    128.49197  0.040084182 
  555000    -7589.403   -7589.5309    1.4021297    305.53427     300.3683    5.3090038    24711.132    24711.132 0.00048828125   -26623.675   -26456.524    133.33422  0.039624707 
  560000   -7588.7808   -7589.9868    1.1321046     303.6293    298.19884    4.3225019    24711.132    24711.132 0.00048828125   -26377.247   -26327.008    96.223789  0.039984375 
  565000   -7593.3732   -7590.2947    3.0238718    299.26434    301.97082    6.3335377    24711.132    24711.132 0.00048828125   -27114.045   -26582.399    550.66456  0.038677901 
  570000   -7589.6594   -7591.5598    1.7508754    296.19174    298.00099     4.710677    24711.132    24711.132 0.00048828125   -26054.752   -26622.108    305.20862   0.03824031 
  575000   -7591.0473   -7590.7759    1.2482442      297.769    300.36061    4.8243655    24711.132    24711.132 0.00048828125    -26555.65   -26616.545    162.16734  0.039470729 
  580000   -7589.3549   -7590.3293    1.2592473    304.79876     299.5643    5.2200275    24711.132    24711.132 0.00048828125   -26505.712   -26402.021    170.74957  0.038558415 
  585000   -7587.5347   -7587.7393    1.5106595    299.71211    298.89416    5.4374598    24711.132    24711.132 0.00048828125   -25888.875   -25911.012    98.694712  0.040157901 
  590000   -7589.6169   -7591.4798    1.4852715    297.88493    298.38946    3.5913943    24711.132    24711.132 0.00048828125    -26264.94   -26739.208    310.15817   0.03899767 
  595000   -7587.5383   -7588.4964    1.3862351    300.50438    301.65174    4.2027841    24711.132    24711.132 0.00048828125   -25766.465   -26058.413    302.23187  0.039558091 
  600000   -7590.2711   -7590.6747    1.5757278    301.54056    297.82597    5.4510445    24711.132    24711.132 0.00048828125   -26421.835   -26439.801    133.02267  0.038582508 
  605000   -7590.5961   -7588.4828    2.0179827    291.08346    300.42329    5.2045215    24711.132    24711.132 0.00048828125   -26053.645   -26091.838     299.3965  0.039701566 
  610000   -7592.4337   -7589.6786    1.8801963     288.8157    300.16266     7.033073    24711.132    24711.132 0.00048828125   -26409.336   -26376.819    144.85041  0.038889251 
  615000   -7589.0176   -7589.9582    1.2417273    303.94422    299.95513    4.6050315    24711.132    24711.132 0.00048828125   -26335.191   -26402.297     237.7385  0.037205402 
  620000   -7591.1777   -7592.3545    1.2025813    303.26985    298.95107    4.6657804    24711.132    24711.132 0.00048828125   -26729.799   -26785.872    101.08587  0.039333763 
  625000   -7591.1858   -7590.2631    1.7537304    299.42092    299.64107    7.1716567    24711.132    24711.132 0.00048828125   -26665.733   -26440.747    105.61443  0.038781575 
  630000   -7590.4931   -7589.8249    1.6095209    300.99788     299.0069    6.2651738    24711.132    24711.132 0.00048828125   -26625.589    -26413.42    147.52866  0.039062786 
  635000   -7586.5327   -7587.1299    1.6302108    308.01562    301.26384    6.1167051    24711.132    24711.132 0.00048828125   -25959.277   -25793.226    165.06299  0.039003887 
  640000     -7586.77   -7588.2601    1.5100145    299.66467    299.69901    4.1615487    24711.132    24711.132 0.00048828125   -25632.413   -25958.817     211.8067   0.04003445 
  645000   -7591.5606   -7591.0631    1.6012235    297.19565    300.84594    5.7719293    24711.132    24711.132 0.00048828125   -26622.982   -26596.328    110.20391   0.04138176 
  650000   -7588.4963   -7590.2835    1.6644543    300.29715    298.85534    3.7070656    24711.132    24711.132 0.00048828125   -26145.723   -26464.204    289.26509  0.040428462 
  655000   -7588.5035    -7589.918    1.3163072    298.37792    299.48189    4.0211857    24711.132    24711.132 0.00048828125   -25924.274   -26304.462    230.51368  0.041021083 
  660000   -7586.1441   -7589.5344    1.6388963    303.83623    300.64202    4.6302522    24711.132    24711.132 0.00048828125   -25773.244   -26348.624    309.13761  0.041018735 
  665000   -7587.3838    -7589.735    2.4696392    304.14589    301.13049     6.986592    24711.132    24711.132 0.00048828125    -25978.21   -26404.571    281.19336  0.040360431 
  670000   -7589.0585   -7590.2143      1.13973    305.08709     299.5379    4.3102736    24711.132    24711.132 0.00048828125   -26467.842   -26476.214    122.16974  0.039986105 
  675000   -7591.5174   -7590.9617    1.6169123    303.70338    297.93342    5.2576972    24711.132    24711.132 0.00048828125   -26866.351   -26556.778    134.89218  0.039483735 
  680000   -7589.3924   -7587.6574    1.5773383    297.24781    300.69985    4.0806573    24711.132    24711.132 0.00048828125   -26169.357    -25975.37    209.91138  0.038835279 
  685000   -7588.6062   -7590.7759    1.1110929    304.63045    300.83224    4.5256934    24711.132    24711.132 0.00048828125   -26285.937   -26570.971    159.14939  0.038550961 
  690000   -7592.2481   -7592.2483    1.4962882    295.99066    298.42149    5.4969567    24711.132    24711.132 0.00048828125   -26737.863   -26870.496    162.38359  0.038697568 
  695000     -7586.85   -7591.8078    1.5305015    311.15356    298.50625    4.6919408    24711.132    24711.132 0.00048828125   -26340.202   -26819.398    159.96193  0.039619057 
  700000   -7589.5398   -7587.8025    1.3947861     298.8592    299.84338    4.5625053    24711.132    24711.132 0.00048828125   -26132.029   -25887.735    126.12939  0.039055841 
  705000    -7587.721   -7590.0401    1.3827583    302.96823    296.80306    5.1453906    24711.132    24711.132 0.00048828125   -26064.534   -26228.337    106.39208  0.039048099 
  710000   -7588.6868   -7589.1437    1.5036369    301.97257    299.84858    5.1599685    24711.132    24711.132 0.00048828125   -26236.053   -26211.046    131.76485  0.039986385 
  715000   -7590.7336   -7589.1988    1.5032555    296.32747    301.33323     4.927118    24711.132    24711.132 0.00048828125   -26467.071   -26371.694    149.79776  0.039325951 
  720000    -7592.867    -7590.568    1.1963823    292.92157    299.80897    5.5486772    24711.132    24711.132 0.00048828125   -26642.508   -26529.563    112.57705  0.036640107 
  725000   -7589.2382   -7591.2034     1.873135    305.18049     299.3077     5.566811    24711.132    24711.132 0.00048828125   -26528.279   -26703.427    232.24072  0.038080487 
  730000   -7591.2192   -7590.3511    1.5087481    295.55757    298.33267    6.3572222    24711.132    24711.132 0.00048828125   -26475.396    -26422.89    86.143631  0.038187257 
  735000   -7587.7759   -7590.3434    1.4064805    312.78069    300.51909    5.0542611    24711.132    24711.132 0.00048828125   -26390.642   -26421.414     187.4355  0.037442465 
  740000   -7588.9598   -7589.5673    1.2701153    299.19947    300.21599    3.9020261    24711.132    24711.132 0.00048828125   -26135.222   -26282.354    146.69904  0.039511384 
  745000   -7589.5555   -7592.3483    1.2810728    303.20511    298.24599    4.2531119    24711.132    24711.132 0.00048828125   -26503.278   -26839.249    186.74292  0.037470943 
  750000    -7590.243   -7591.3076    1.2219211    301.24939    297.23818    5.2645216    24711.132    24711.132 0.00048828125   -26646.985   -26670.456    85.852405  0.038689951 
  755000    -7592.156    -7589.435    1.7195669    292.34698    300.83314    5.3990718    24711.132    24711.132 0.00048828125   -26551.699   -26359.245    204.87474  0.037670797 
  760000   -7587.4942   -7589.4573    1.6347129     303.4076     301.2059    4.8363447    24711.132    24711.132 0.00048828125   -26052.626    -26382.63    203.70104  0.037771705 
  765000    -7588.472    -7588.051    1.3843061    307.15305    302.84946     5.239889    24711.132    24711.132 0.00048828125   -26428.257   -26117.046    209.86291  0.038323863 
  770000   -7589.1114   -7590.3535    1.7380424     304.4934    297.30839     5.690117    24711.132    24711.132 0.00048828125   -26459.018   -26327.513    182.69456  0.039908159 
  775000   -7587.7517    -7589.162    1.9203664    295.13516    301.24591    6.7144263    24711.132    24711.132 0.00048828125   -25707.585   -26286.393    297.55256  0.039790535 
  780000   -7589.9376   -7590.7422    1.4887522    291.56349     298.5033    4.8535437    24711.132    24711.132 0.00048828125   -25991.024   -26429.542    209.90321  0.040700193 
  785000   -7589.8978   -7588.4062    1.6262221    299.39736    304.25332    5.1119741    24711.132    24711.132 0.00048828125   -26348.729   -26269.631    157.98392  0.040481369 
  790000   -7591.4209   -7589.3188    1.3652588    295.95192    299.90267     5.366364    24711.132    24711.132 0.00048828125   -26594.674   -26270.486    209.10901  0.039805941 
  795000   -7589.9289   -7590.2632    1.2619162    296.01692    298.56786    4.1587339    24711.132    24711.132 0.00048828125   -26278.299   -26479.368    150.53261  0.039706654 
  800000   -7588.8533   -7588.7071    1.3348607    298.00596    301.17653    4.7233683    24711.132    24711.132 0.00048828125   -26103.237   -26165.063    220.64975   0.03871936 
  805000   -7591.3481   -7592.3166    1.3950376     296.7224     297.4889    4.3783577    24711.132    24711.132 0.00048828125   -26690.614   -26896.439    215.54541   0.03893663 
  810000   -7589.3493   -7589.5277    1.8285606    304.45547    299.81995    5.0950962    24711.132    24711.132 0.00048828125   -26449.707   -26246.122    250.30196   0.03858193 
  815000    -7590.009   -7589.1912    1.5119163    304.30628    301.73559    5.5771018    24711.132    24711.132 0.00048828125   -26606.124   -26282.701    256.64191  0.037950154 
  820000   -7589.3506   -7588.9676    1.6210437     298.5855    301.67572     4.916851    24711.132    24711.132 0.00048828125   -26206.298   -26254.964    205.34537  0.038669969 
  825000    -7586.705   -7588.9718    1.4335257    302.60605    298.74289     5.055188    24711.132    24711.132 0.00048828125   -25744.095   -26144.523     158.1532  0.039402019 
  830000    -7593.019    -7592.793     1.335881    293.00571    300.40578    5.0933793    24711.132    24711.132 0.00048828125   -26845.282   -27102.957    194.83708  0.038593003 
  835000   -7589.4135   -7590.3498    1.7748405    302.58144    300.07505     6.276498    24711.132    24711.132 0.00048828125    -26401.32   -26499.494    114.37515   0.03729685 
  840000   -7588.6286   -7589.0815    1.4476325    300.71055    297.70765    5.3645057    24711.132    24711.132 0.00048828125   -26434.595   -26252.139    158.59158  0.040421787 
  845000   -7589.2765   -7589.1986    1.5474299    297.60919    301.95682    5.1722102    24711.132    24711.132 0.00048828125   -26211.518   -26405.309    146.24217  0.038830229 
  850000   -7589.8961   -7591.2117     1.232091    301.79547    300.28548    4.3444137    24711.132    24711.132 0.00048828125   -26505.916   -26735.814    148.03501   0.03842091 
  855000    -7586.638   -7588.5998    1.3718523    313.05835    299.58668    5.6086742    24711.132    24711.132 0.00048828125   -26224.974   -25978.761    168.77546  0.038987275 
  860000   -7590.9295   -7590.2356    1.7584615    294.80246    299.65747    5.9292073    24711.132    24711.132 0.00048828125   -26392.471   -26483.242    177.91962  0.040879509 
  865000   -7587.4592   -7591.1819    1.6254463    309.82152    298.96207     5.804523    24711.132    24711.132 0.00048828125   -26285.979   -26630.656    123.11663  0.039696319 
  870000     -7590.37   -7591.7002    1.0443344    304.14977    299.06172    4.6822969    24711.132    24711.132 0.00048828125   -26498.001   -26595.351    89.506062  0.038042605 
  875000   -7593.0891   -7591.5151    1.6518264    300.42175    298.81234    5.6028902    24711.132    24711.132 0.00048828125   -27196.522   -26646.652    326.40155    0.0376615 
  880000   -7592.6782   -7592.6254    1.3815472    297.47152    298.11293    4.6770823    24711.132    24711.132 0.00048828125   -26929.292   -26952.866    138.81272  0.036147029 
  885000   -7590.2624   -7589.2741    2.0116457    294.75742    303.15406    5.4136539    24711.132    24711.132 0.00048828125   -26232.655   -26375.073    356.23996  0.036995766 
  890000   -7590.6822    -7590.487    2.0696153    299.45977    299.37357    5.6159198    24711.132    24711.132 0.00048828125   -26455.757   -26414.379    286.77674  0.037225409 
  895000   -7591.2614   -7591.4852    1.8448466    295.27723    300.01894    4.9209066    24711.132    24711.132 0.00048828125   -26471.615   -26676.267    225.66843  0.037412277 
  900000   -7590.2118   -7589.9377    1.3273485    297.81785    299.40965    5.1166004    24711.132    24711.132 0.00048828125   -26360.687    -26388.33    100.45091  0.037130452 
  905000   -7591.5046   -7591.0934    1.5274944     304.3314    297.94985    4.5920115    24711.132    24711.132 0.00048828125   -27012.238    -26602.32    256.17105  0.037915168 
  910000   -7588.7582   -7589.1362    1.1332036    299.72027    301.05359    4.4939162    24711.132    24711.132 0.00048828125   -26085.014   -26266.589    136.66291  0.037825928 
  915000   -7587.2736   -7589.4793    1.4957319    308.44684    298.93046    4.2745279    24711.132    24711.132 0.00048828125   -26154.528   -26238.923    294.76515  0.038595834 
  920000   -7593.5657   -7590.0816    1.5109489    284.38558    297.70713    5.8399946    24711.132    24711.132 0.00048828125   -26450.665   -26341.755    71.291937  0.038103181 
  925000   -7586.3768   -7587.6166    1.5793112    300.76137    301.87246    4.0605604    24711.132    24711.132 0.00048828125   -25588.425   -25964.675    361.46082  0.039034521 
  930000    -7588.292   -7587.1043    1.8265342    302.67677    299.79462    6.4001491    24711.132    24711.132 0.00048828125    -26141.65   -25700.839    187.37199   0.03772106 
  935000   -7589.7743    -7591.492    1.3983058    305.12463      298.478    4.5354637    24711.132    24711.132 0.00048828125   -26530.938   -26633.249    156.13947  0.038024805 
  940000   -7587.8139   -7589.3643   0.96087919    304.86214    297.11249    4.0822006    24711.132    24711.132 0.00048828125   -26152.165   -26114.457    91.166841  0.038866355 
  945000   -7590.5153   -7591.3939    1.2445661    299.33778    302.22978    5.2765984    24711.132    24711.132 0.00048828125   -26426.739   -26769.658    92.424375  0.038298122 
  950000   -7589.9924   -7589.5155    1.3280404    299.68642    299.46088    5.6565795    24711.132    24711.132 0.00048828125   -26480.377   -26350.101    168.48492  0.038178031 
  955000   -7588.9053    -7589.465    1.3416197    304.65049    300.78555    4.6418928    24711.132    24711.132 0.00048828125   -26266.011   -26265.205    155.71902  0.038681672 
  960000   -7589.9458    -7590.694    2.2111271    288.95751    298.19072    4.7392953    24711.132    24711.132 0.00048828125    -25972.63   -26514.683    479.08929  0.039644208 
  965000   -7591.7051   -7590.7358    1.2403315    289.98602    298.15514     4.781684    24711.132    24711.132 0.00048828125   -26352.227   -26532.795    132.84196   0.03949438 
  970000   -7592.5448   -7590.9459    1.4779861    294.29278    300.06901    5.2065054    24711.132    24711.132 0.00048828125   -26669.172   -26550.671    146.90892  0.039183278 
  975000   -7591.2766   -7591.9499     1.620038    293.10993    296.37422    3.6025222    24711.132    24711.132 0.00048828125   -26448.092   -26722.515    242.69711  0.039270722 
  980000   -7590.6035   -7591.0202    1.1430303     299.8793     297.5983    4.5848485    24711.132    24711.132 0.00048828125    -26547.78   -26511.725    99.549396  0.038750307 
  985000   -7590.2388   -7590.6726    1.4442237    302.16937    297.76099    5.4573128    24711.132    24711.132 0.00048828125   -26505.587   -26429.873    142.49681  0.039696183 
  990000   -7589.8307   -7591.1935    1.5986744    300.19155    299.53133    5.7645128    24711.132    24711.132 0.00048828125   -26440.864   -26670.658    144.02619  0.039283371 
  995000   -7591.0243   -7590.5604    1.1365756     302.4083    299.44043    4.4051686    24711.132    24711.132 0.00048828125    -26792.99   -26528.638    143.28583  0.040251305 
 1000000   -7591.7075   -7590.6959    1.4378197    301.54699    300.26819      5.47682    24711.132    24711.132 0.00048828125   -26906.081   -26607.796    224.07655  0.039900216 
 1005000   -7588.2066   -7588.3889    1.7472445    302.20001      299.003    5.2965157    24711.132    24711.132 0.00048828125   -26175.441   -25988.425    261.47792  0.039777841 
 1010000   -7589.8843    -7588.228    2.1407622    294.37938    299.16626    5.6819807    24711.132    24711.132 0.00048828125   -26072.235   -25936.126    270.53035  0.039324575 
 1015000   -7586.7888   -7588.0678     1.399296    309.05825     301.3532    5.2124801    24711.132    24711.132 0.00048828125   -26237.489   -26081.575    143.01845   0.04061417 
 1020000   -7588.8384   -7590.0797    1.6694393     305.5298    300.28704    6.6662313    24711.132    24711.132 0.00048828125   -26468.411   -26477.436    153.38675  0.039416576 
 1025000   -7590.1805   -7589.3851      1.26086    296.95894    298.72246    4.7578149    24711.132    24711.132 0.00048828125   -26400.417   -26333.232    121.83997  0.040710487 
 1030000   -7588.8165   -7590.0378    1.9918759    298.46033    302.79048     6.122354    24711.132    24711.132 0.00048828125   -26168.827   -26622.804    209.72102  0.041417503 
 1035000   -7590.9961   -7591.6337    1.4474764    295.54753    297.86312    5.0477085    24711.132    24711.132 0.00048828125   -26472.877   -26719.795    129.75669  0.042597011 
 1040000   -7586.6875    -7589.571    1.2108079    312.33972     297.3519    4.7906497    24711.132    24711.132 0.00048828125   -26298.213   -26203.007    169.57011  0.041511501 
 1045000   -7594.0752   -7589.3158    1.5699443    281.56754    297.55501    4.5548913    24711.132    24711.132 0.00048828125   -26376.367   -26134.106    184.18709  0.039188572 
 1050000   -7592.7199   -7592.0309    1.5572006    301.35968    301.91113    5.0977132    24711.132    24711.132 0.00048828125   -27156.051   -26933.615    122.07664  0.039805085 
 1055000   -7589.7527   -7588.5742    1.3543244    294.98083    298.09807    5.2531917    24711.132    24711.132 0.00048828125   -26089.276   -25948.728    101.20115  0.039910441 
 1060000   -7589.1426   -7591.0071    1.8492446    300.53502    298.33457    5.8672531    24711.132    24711.132 0.00048828125   -26246.757   -26601.513    249.82581  0.040527195 
 1065000   -7591.0449    -7589.992    1.6846482    297.07416    300.22133    5.1168212    24711.132    24711.132 0.00048828125   -26590.371   -26509.547    216.52568  0.040261177 
 1070000   -7592.7128   -7588.4341    2.6937707    294.06077    302.69946     6.142823    24711.132    24711.132 0.00048828125   -26721.976    -26263.58    310.79126  0.039598699 
 1075000   -7588.3607   -7587.2745    1.3902216    303.41616    304.29675    5.1333114    24711.132    24711.132 0.00048828125   -26182.855   -26014.971    158.76845  0.039579288 
 1080000   -7586.1058    -7589.213     2.034134    301.67843    300.71934    4.9075309    24711.132    24711.132 0.00048828125   -25731.061   -26289.123    240.33545   0.03953727 
 1085000   -7586.7957   -7589.0761    1.2772254    306.08499    299.15993    3.5422521    24711.132    24711.132 0.00048828125   -26030.215   -26157.779    185.45537  0.038007323 
 1090000   -7590.0515   -7589.0136    1.9887498    300.32638    299.38905    4.9552675    24711.132    24711.132 0.00048828125    -26539.14   -26365.088    266.40301  0.038509443 
 1095000   -7589.5751   -7590.0569     1.345911    300.49109    297.63838    5.6451049    24711.132    24711.132 0.00048828125   -26414.898   -26367.068    67.239469  0.040450994 
 1100000    -7589.414   -7590.7464    1.5104216     302.8403    299.57827    5.6209028    24711.132    24711.132 0.00048828125    -26370.63   -26498.353    181.98308  0.040000497 
 1105000    -7588.642   -7589.4191    1.0564849    303.38178    302.82804    4.5659629    24711.132    24711.132 0.00048828125   -26223.218   -26373.804    86.822274  0.040179792 
 1110000   -7590.0414   -7589.1898    2.0289675    297.79072     301.8915    7.2709387    24711.132    24711.132 0.00048828125   -26310.457   -26289.451    183.24825  0.038176171 
 1115000   -7592.8747   -7592.7908    1.8680204    301.72209    301.60867    4.6471496    24711.132    24711.132 0.00048828125   -27054.578   -27041.221    196.57688  0.038176726 
 1120000   -7591.4135   -7588.7224    1.4308443    292.19243    299.88851    4.5654495    24711.132    24711.132 0.00048828125   -26435.218   -26221.239    175.21627  0.038970285 
 1125000    -7590.644    -7590.525    1.5575685    297.64852    300.87925    4.1600004    24711.132    24711.132 0.00048828125   -26421.141   -26525.199    302.90832   0.03819661 
 1130000   -7590.2874   -7589.1883    1.6743628    298.85148    298.59548    4.3085893    24711.132    24711.132 0.00048828125   -26385.975   -26192.817    240.21918    0.0385039 
 1135000   -7592.2684   -7589.7809    1.2746879    295.12063    300.37081    5.1170392    24711.132    24711.132 0.00048828125   -26758.127   -26394.188    126.19574  0.038738654 
 1140000   -7590.8968   -7589.4125    1.6204862    298.65691    300.03186    5.1925551    24711.132    24711.132 0.00048828125   -26583.803   -26283.654    237.62965  0.038691892 
 1145000   -7588.3805   -7588.9005    1.6400269      307.076    299.27347     6.175532    24711.132    24711.132 0.00048828125   -26383.736   -26187.661    167.14642  0.038406713 
 1150000   -7589.3556   -7588.1779    1.0821846    297.05233    298.50512    3.9107154    24711.132    24711.132 0.00048828125   -26292.775   -26042.053    126.65347  0.039167659 
 1155000   -7588.0291   -7588.0148     1.202558    300.36968    302.95101    4.9247285    24711.132    24711.132 0.00048828125   -25981.861   -26138.248    160.31489  0.038728278 
 1160000   -7591.7223   -7590.2832     1.738402     292.2454    298.78412     6.289598    24711.132    24711.132 0.00048828125   -26394.401   -26463.086    118.22632  0.037057916 
