Step TotEng v_varAveEnergy v_energySTD Temp v_varAveTemp v_tempSTD Volume v_varAveVolume v_volumeSTD Press v_varAvePress v_pressSTD c_MSD[4] 
  220000   -7600.1154   -7602.9522    1.3136662    305.92676    299.34931    4.4382993    24124.542    24124.542 0.00034526698    6826.1271    6551.5863    195.99633 4.1355109e-29 
  225000   -7602.6784   -7603.9476    1.0190332    296.52062    296.76174    4.3512869    24124.542    24124.542 0.00034526698     6736.692    6397.8935    135.44074  0.029537136 
  230000   -7599.7167   -7602.0806    1.5829627    300.69372     298.1193    4.3968362    24124.542    24124.542 0.00034526698    7161.0192    6778.7434    267.40711  0.031825328 
  235000   -7600.9612   -7602.1364    1.6535374    304.03264    299.34324    6.3032478    24124.542    24124.542 0.00034526698    6753.7456     6660.562    127.07424  0.032634054 
  240000    -7602.631   -7603.4482    2.1757875    303.55124    298.43538    5.2468856    24124.542    24124.542 0.00034526698    6502.8043    6594.4466    387.30387  0.032840251 
  245000   -7602.6974   -7600.5075    1.4804636    299.05505    303.45853    5.1115092    24124.542    24124.542 0.00034526698    6672.8812     6899.027    137.28073  0.034008741 
  250000   -7605.0621   -7602.1793    1.5831106     289.0018    301.87801    6.3125278    24124.542    24124.542 0.00034526698    6589.1099    6593.8018    118.29794   0.03365291 
  255000   -7602.0836   -7601.5141       2.2703    293.12039    300.44714    6.4964928    24124.542    24124.542 0.00034526698     7124.585    6863.9598    309.08932  0.033426767 
  260000   -7599.4277   -7600.1934    1.0428637    306.29707    300.87234     4.142976    24124.542    24124.542 0.00034526698    7046.2798    7073.7692    111.10581  0.033301166 
  265000   -7598.6904   -7600.7816    1.2459533    302.79928    300.06262    4.2978983    24124.542    24124.542 0.00034526698    7339.5116     6985.046    275.27899  0.034604489 
  270000   -7602.9169   -7603.4623    1.2163445    305.17719    299.70233    3.5146947    24124.542    24124.542 0.00034526698    6228.5161    6371.0261    246.59308  0.034546085 
  275000   -7602.9616   -7603.0269    1.6330205    305.48477    304.24676    5.2278417    24124.542    24124.542 0.00034526698    6268.6601     6274.119    193.99655  0.033682435 
  280000   -7600.7981   -7605.1206    1.9157745    307.87399    297.60459    5.6374069    24124.542    24124.542 0.00034526698     6637.494    6238.2347    164.60273  0.033755887 
  285000   -7600.9301   -7601.8337    1.1762438    307.25706    300.17246    5.0841385    24124.542    24124.542 0.00034526698    6657.5488    6803.3772    108.27858   0.03448041 
  290000    -7603.871   -7604.9198    1.3861488    300.84764    298.89377    5.0369905    24124.542    24124.542 0.00034526698    6422.3831     6194.682    130.36732  0.034422756 
  295000   -7604.3701   -7601.1892    1.3568411    298.08948     302.3659    4.7097536    24124.542    24124.542 0.00034526698    6410.8718    6831.9171    172.48687  0.033352268 
  300000   -7602.4091   -7601.5096    1.2853258    295.35402    298.49775     4.110128    24124.542    24124.542 0.00034526698    6733.7249    6831.5609    227.75381   0.03500441 
  305000   -7604.2551   -7603.6597    1.7012316     297.2299    298.32609    6.1563709    24124.542    24124.542 0.00034526698    6451.0244    6512.1911    138.70553  0.033459043 
  310000   -7603.1313   -7601.7752     1.209597    300.52984    300.05089    5.0345178    24124.542    24124.542 0.00034526698    6531.4125    6859.6699    85.704395   0.03318275 
  315000   -7602.7731   -7603.0778    1.7697417    293.79876    299.91557    5.3551115    24124.542    24124.542 0.00034526698      6866.55    6504.5943    234.78138  0.035069116 
  320000   -7598.3094   -7602.1601    2.2426111    313.98375    301.24074    5.9420976    24124.542    24124.542 0.00034526698    6843.3534    6575.3904    358.21343  0.035831479 
  325000   -7603.1006   -7601.2797    1.5150775    294.25646    299.57409    5.0746326    24124.542    24124.542 0.00034526698    6795.6927    6870.1767    161.70399  0.035457423 
  330000   -7602.7972   -7600.7724    1.6584929    300.58258    298.73307    5.0667595    24124.542    24124.542 0.00034526698    6475.3035    7002.4702    222.63993  0.035640708 
  335000   -7600.4084   -7601.3132    1.5508657    304.98541    301.88762    4.7691316    24124.542    24124.542 0.00034526698     6899.553    6806.8879    281.98499  0.035858368 
  340000   -7599.4749   -7600.0154    1.3128508    298.71035    300.38942    3.7445622    24124.542    24124.542 0.00034526698    7223.5185    7051.4098    207.52933  0.036600792 
  345000    -7602.613   -7602.0933    1.6295646    298.31128    299.98185    5.4312678    24124.542    24124.542 0.00034526698    6698.6084    6774.0427    149.28519  0.035235952 
  350000   -7604.9835    -7603.419    1.3210103    290.52881     297.6208      5.94719    24124.542    24124.542 0.00034526698    6603.3814    6589.4262    121.53787  0.036335976 
  355000   -7601.6675   -7601.7458    1.6461387    296.34033    299.10646    6.3522351    24124.542    24124.542 0.00034526698    7070.2821    6929.0115    126.65603  0.034986235 
  360000   -7598.3599   -7599.0128    1.1414654    311.40031    304.51354    3.9782055    24124.542    24124.542 0.00034526698    7125.1932    7205.6279    99.695683  0.033759315 
  365000   -7604.9455   -7604.7434     1.073047    301.71827    301.35586    4.4678013    24124.542    24124.542 0.00034526698    6161.5135    6234.5759    101.11972  0.033064248 
  370000   -7600.6041   -7602.6698    2.0665598    304.70929    301.29616    5.2696691    24124.542    24124.542 0.00034526698    6861.0326     6546.807    281.80633  0.033696629 
  375000   -7606.3294   -7603.5437    1.4464274    295.64646    300.30623    4.7222053    24124.542    24124.542 0.00034526698    6023.5719    6410.6051    182.44904  0.034444984 
  380000   -7602.1723   -7601.0029    1.5836166    293.39498    299.06952     6.127116    24124.542    24124.542 0.00034526698    6931.4861    7011.5826    181.26371   0.03446366 
  385000   -7602.7749   -7602.0986    1.4130863    300.28279    299.64414     4.342904    24124.542    24124.542 0.00034526698    6567.3538    6793.4365    245.01127  0.035687374 
  390000    -7603.449   -7601.4695    1.4005978    296.40466       300.02    4.9098286    24124.542    24124.542 0.00034526698    6507.2743    6808.9471     162.2764  0.035779255 
  395000   -7600.9706   -7601.8193    1.7786696    300.73777    302.43833    4.8937777    24124.542    24124.542 0.00034526698    6902.3512    6680.3487    257.73389  0.036548027 
  400000   -7605.0882   -7602.6917    1.0313668     294.1389    299.95112     3.621352    24124.542    24124.542 0.00034526698    6405.1424    6619.2437    108.60296  0.035384077 
  405000   -7601.3778   -7601.5738    1.4464794    301.83231    300.14591    5.1473204    24124.542    24124.542 0.00034526698    6723.3721     6765.423    158.47829   0.03597276 
  410000   -7600.9865   -7602.4015     1.610222    303.15189    300.51982    4.1360726    24124.542    24124.542 0.00034526698    6704.2378    6522.9989    281.45164  0.037010005 
  415000   -7600.2715   -7602.6053    1.2986301    307.82028    301.80096     4.653019    24124.542    24124.542 0.00034526698    6839.8183    6583.6108    139.79576  0.034759218 
  420000   -7600.7572   -7601.8773    1.3333483    299.60457    301.57711    5.3321924    24124.542    24124.542 0.00034526698     7011.947     6715.777    110.23023  0.035934968 
  425000    -7602.998   -7603.0456    1.3149007    301.64273    301.72392    4.9046545    24124.542    24124.542 0.00034526698    6344.7208    6372.3453    146.23859  0.035774465 
  430000   -7605.6973   -7604.8962    1.1925564    292.43054    299.19882     6.174892    24124.542    24124.542 0.00034526698    6349.1137     6227.158    122.96803  0.035275261 
  435000    -7600.594   -7601.8261    2.5253812    299.77205    303.30983    6.1754853    24124.542    24124.542 0.00034526698    7047.8933     6563.666    469.91818  0.037519048 
  440000   -7603.7235   -7603.7014    1.3088491     302.9239    298.92995    4.4849375    24124.542    24124.542 0.00034526698    6243.8461    6380.4798    128.56568  0.035992211 
  445000   -7602.3392   -7603.6723    1.2777145    301.46094    298.28641    5.2227301    24124.542    24124.542 0.00034526698    6485.5335    6409.2953    95.255975    0.0347125 
  450000   -7597.2928   -7601.5949    1.9022041    310.67217    299.35664     5.348343    24124.542    24124.542 0.00034526698    7227.4741    6771.9198    337.18889  0.035482729 
  455000   -7603.1853   -7604.5046    1.6731904    299.54453    299.14901    5.8879823    24124.542    24124.542 0.00034526698    6444.4558    6188.0844    153.28206  0.034920772 
  460000    -7604.344   -7603.3858    1.0925264    294.57159     302.5413    4.1631324    24124.542    24124.542 0.00034526698    6343.6513    6248.8817     87.78244  0.035788427 
  465000   -7604.2161   -7600.9469    1.8163571    295.28074    299.07763    4.5650689    24124.542    24124.542 0.00034526698    6566.1764    7126.8366    333.32953  0.034985179 
  470000   -7599.6199   -7601.9335    1.8790338     301.2432    296.74433    6.9621454    24124.542    24124.542 0.00034526698    7091.1889    6823.0052     106.2886  0.035833101 
  475000    -7604.749   -7602.5663    1.4488616    296.13957    301.37471    5.2542287    24124.542    24124.542 0.00034526698    6264.0168     6541.451    123.67551  0.034030542 
  480000    -7605.378   -7602.1488    2.1077985    291.40806    300.82031    5.3142774    24124.542    24124.542 0.00034526698    6405.1595    6676.6756    284.67427  0.036104277 
  485000   -7598.6133   -7600.3651      1.40282    312.31791    301.91916    6.0135078    24124.542    24124.542 0.00034526698    6934.7898    6942.8514    81.553642  0.036167136 
  490000     -7600.53   -7603.0767    1.7444423    301.42574    299.67517    4.7406368    24124.542    24124.542 0.00034526698      6991.83    6543.5271    228.93183  0.035762198 
  495000   -7603.3281    -7603.165    1.4283087    301.59284    299.86446    6.1560474    24124.542    24124.542 0.00034526698    6381.8758    6504.9927    144.83717  0.034207156 
  500000   -7601.2765   -7601.9053    1.4384462     299.0048     302.1064    3.7569203    24124.542    24124.542 0.00034526698    6942.5193    6639.0925    260.47197  0.036589797 
  505000   -7601.5086   -7601.0171     1.738427    294.48727    300.94216    4.9465884    24124.542    24124.542 0.00034526698    7084.1721    6937.9706    208.80816  0.036225606 
  510000   -7605.0187   -7603.2409    1.1552875    294.37182    300.83781    4.9721778    24124.542    24124.542 0.00034526698    6397.2573    6454.2258    88.804604  0.034564497 
  515000   -7603.3213   -7605.1187    2.0056839    297.73434    298.59766    6.5987129    24124.542    24124.542 0.00034526698    6559.0904    6102.0033    239.09673  0.034257928 
  520000   -7605.3001   -7603.1333    2.2503489    301.93826    299.67842    5.6027484    24124.542    24124.542 0.00034526698    5975.8001    6581.2435     348.9837   0.03427593 
  525000    -7603.762   -7603.4958    1.1048536    307.08392    298.42606      4.86654    24124.542    24124.542 0.00034526698    6015.9543    6425.0726    175.54026  0.033384398 
  530000   -7603.0389   -7601.9978    1.5342408     294.1107     300.7483    5.3779057    24124.542    24124.542 0.00034526698    6818.9992    6780.1427     169.9524  0.034841699 
  535000   -7604.9336   -7604.0724    1.2902923    294.52804    297.98609    4.7426122    24124.542    24124.542 0.00034526698    6376.2692    6455.8365    134.71247  0.033794946 
  540000    -7600.015   -7602.8677    2.4338558     303.6637    300.91076    5.1376485    24124.542    24124.542 0.00034526698    6981.5927    6527.8275    317.13472  0.035401271 
  545000   -7601.4689   -7600.4925    1.3820866    297.02411    300.77924    5.3769868    24124.542    24124.542 0.00034526698    6885.9823      6968.29    80.400623  0.036220575 
  550000   -7601.1724   -7602.8914    1.5969771    302.58717    302.16128    4.9124179    24124.542    24124.542 0.00034526698    6894.4678    6533.6243    200.87453  0.035905033 
  555000   -7604.2694   -7602.8179    1.4179495    294.24479     298.4761    5.7197269    24124.542    24124.542 0.00034526698    6572.8934    6639.6069    97.019504  0.035665681 
  560000   -7605.1213   -7602.6164    1.4852715    295.60572    297.96593    4.6859909    24124.542    24124.542 0.00034526698    6286.6056    6721.8909    229.71965  0.033842318 
  565000   -7600.0918   -7601.0369    1.5728117    301.74742    299.24069    4.8382174    24124.542    24124.542 0.00034526698    7088.2886    7022.1282    184.75451    0.0362375 
  570000   -7601.8252   -7603.4625     1.381298    303.62351    300.24989    4.4072806    24124.542    24124.542 0.00034526698    6593.9536     6465.596    145.60597   0.03663424 
  575000   -7603.6934   -7602.6034    1.1650665    298.05472    303.36254    4.8188925    24124.542    24124.542 0.00034526698    6428.7125    6433.5422    157.16912  0.034965479 
  580000   -7603.5615   -7602.7995    1.4511385    293.15384    301.02079     4.531957    24124.542    24124.542 0.00034526698    6654.0934    6513.9238    129.09067  0.034915963 
  585000   -7602.9589   -7602.1661    1.2487672    297.07644     300.5198    3.3585572    24124.542    24124.542 0.00034526698    6608.9729    6694.4679    188.71787  0.036702748 
  590000   -7601.2509   -7603.0404    2.1186949    293.26419    297.28716    6.4471729    24124.542    24124.542 0.00034526698    7342.6561    6675.3586    387.41832    0.0356358 
  595000   -7604.7431   -7602.7766    1.3226458    291.56262    299.64822     5.936756    24124.542    24124.542 0.00034526698    6542.5067    6573.3203    141.56618  0.035869116 
  600000   -7602.8482   -7601.4984    1.8521384    299.41044    301.23847    5.0416902    24124.542    24124.542 0.00034526698    6571.6541    6801.7628    298.89945  0.034407255 
  605000   -7602.6414   -7603.1391    1.4722613    303.70028    299.90483    4.7976032    24124.542    24124.542 0.00034526698    6341.3193    6454.1072    244.46866  0.035035354 
  610000   -7603.2327   -7603.8233    1.3438157    297.90789     297.9137    4.0121535    24124.542    24124.542 0.00034526698    6556.0937    6445.3175    181.36456  0.034243998 
  615000    -7603.115   -7602.7765    1.2371452    297.51008    298.13566     5.172197    24124.542    24124.542 0.00034526698      6605.39    6636.7733    161.02226  0.035019541 
  620000   -7601.1162   -7602.6829   0.97946453    304.61497    300.34191    3.7132873    24124.542    24124.542 0.00034526698    6563.9801    6402.0128    129.41184   0.03478285 
  625000   -7600.8053   -7602.1954    1.5495233    308.72339    301.15251     4.760247    24124.542    24124.542 0.00034526698    6603.8609    6644.8482    193.47033  0.034406218 
  630000   -7603.8618   -7602.7451     1.187704    293.16306    297.10996    4.3772107    24124.542    24124.542 0.00034526698    6606.4793    6592.1599    181.39645  0.034843405 
  635000    -7600.038   -7602.2233    1.5201425    304.93604    299.46819    5.2869582    24124.542    24124.542 0.00034526698    6969.5355    6763.9149     149.4449  0.035501788 
  640000   -7600.1632   -7601.7074    1.7098572    304.02129    301.32706    5.9818998    24124.542    24124.542 0.00034526698    6956.3849    6800.1742    165.97352  0.035065692 
  645000   -7604.9526   -7602.9133    1.6533651    295.15088    299.26227    5.2452497    24124.542    24124.542 0.00034526698    6269.9499    6604.2585     173.7162  0.034931115 
  650000   -7602.5279   -7601.6757    1.3064893    297.60304    301.05294     4.897879    24124.542    24124.542 0.00034526698    6809.3452    6811.8066     86.47754  0.036593453 
  655000   -7602.6602   -7601.8145     1.459597    302.89833    299.09512    5.9430539    24124.542    24124.542 0.00034526698    6475.6342    6825.8938    227.36928  0.036111443 
  660000   -7602.9559   -7602.1352    1.7552142    298.18169    299.24097     6.193965    24124.542    24124.542 0.00034526698    6589.5196    6734.5036    273.27556  0.037666762 
  665000   -7601.6281   -7600.6065    1.4497286    295.20501    300.91141    5.8715852    24124.542    24124.542 0.00034526698    6959.8227      6985.34    155.48141  0.037235278 
  670000   -7602.4223   -7602.4887    1.9824734    296.80592    299.17501    4.2054494    24124.542    24124.542 0.00034526698    6715.6702      6690.49    419.26304  0.038249737 
  675000   -7599.3205   -7602.6325    1.7128752    310.08846    299.83729    5.2315915    24124.542    24124.542 0.00034526698    6851.3207     6610.769    157.89952  0.038575797 
  680000   -7603.3474   -7602.1883    1.2916915    294.70964    298.50035    5.0069714    24124.542    24124.542 0.00034526698    6674.0696    6744.7117     101.5158  0.037425012 
  685000   -7605.2853   -7603.7382    1.7077412    291.31495    299.43216    5.0207316    24124.542    24124.542 0.00034526698    6506.9426    6491.9043     190.5931  0.036094359 
  690000   -7598.1845   -7601.8281    1.8304721    314.68943    300.70314    5.1190283    24124.542    24124.542 0.00034526698    6881.2549    6780.9767    206.87947  0.035699282 
  695000   -7601.6757   -7601.0913    1.4734205    302.22126    300.56214    4.8760125    24124.542    24124.542 0.00034526698    6717.0471    6906.0914    167.33747  0.035735245 
  700000   -7600.8787   -7601.9562    1.9484497    307.30231    300.72946    6.9303552    24124.542    24124.542 0.00034526698    6642.5371    6648.6187    127.35335    0.0352178 
  705000   -7601.1143   -7602.3677    1.2209775    306.14133    302.75111    5.0737558    24124.542    24124.542 0.00034526698    6615.7486    6554.2713    129.97769  0.034134944 
  710000   -7603.9921   -7603.9197   0.99365285    298.78098    298.50796     4.223926    24124.542    24124.542 0.00034526698    6328.7588    6418.4346    87.135056  0.034081782 
  715000   -7602.1566   -7603.1488    1.6375674    309.73289    302.49998    5.3928669    24124.542    24124.542 0.00034526698    6278.6964    6414.8929    166.11376   0.03419291 
  720000   -7602.5348   -7602.6769     1.804822    296.31589    299.63871     6.818261    24124.542    24124.542 0.00034526698     6784.475    6616.8299    127.04022  0.036001272 
  725000   -7599.8274   -7600.5366    1.7118973    302.27464    301.75308    5.7196973    24124.542    24124.542 0.00034526698    7080.2888    6969.3733    182.00949  0.036589264 
  730000   -7598.3734   -7600.8819    1.7387859    306.66996    300.88648    5.0938155    24124.542    24124.542 0.00034526698    7305.4355    7016.7214    235.16615   0.03823148 
  735000   -7605.1109   -7602.4391     1.653423    294.99499     300.4889    5.1050048    24124.542    24124.542 0.00034526698    6303.3401    6572.6611    273.85793  0.036681911 
  740000   -7602.7313   -7603.2813    1.6935485    295.58027    297.60438    6.3178015    24124.542    24124.542 0.00034526698    6709.8483    6495.6044    248.97214  0.036109076 
  745000   -7603.6317   -7601.1805    1.3983645    294.23058    300.59024    5.8515379    24124.542    24124.542 0.00034526698    6709.5992    6913.2553    120.89467  0.034966198 
  750000   -7602.0894   -7601.2207    1.4684041    302.23261    300.72495    4.6608379    24124.542    24124.542 0.00034526698     6640.598    6893.0866    139.41089  0.035503443 
  755000   -7601.8852   -7602.8284    1.4017222    299.11535    298.64611    3.8996006    24124.542    24124.542 0.00034526698     6719.506    6618.6855    153.23159  0.035373454 
  760000   -7604.7902   -7599.7547    2.2609811    289.79283    301.31917     4.683203    24124.542    24124.542 0.00034526698    6533.5695    7136.5731    415.77802  0.035489977 
  765000   -7603.9945   -7601.9172    1.5308575    296.67265    303.88167    6.0229165    24124.542    24124.542 0.00034526698    6512.6301    6687.2968    182.89616  0.035760822 
  770000   -7601.3108   -7601.6376    1.1743901    301.50252    301.18869     3.767965    24124.542    24124.542 0.00034526698     6839.927    6776.2972    121.25901  0.036098206 
  775000   -7604.4682     -7603.52    1.4037835    297.14142    300.21428    4.8258879    24124.542    24124.542 0.00034526698    6288.8962    6389.5775    153.61924  0.036133859 
  780000   -7600.1564   -7601.0081    1.4104604    300.59846    297.29458     5.280687    24124.542    24124.542 0.00034526698    7087.9215    7042.9516    210.92719  0.036581614 
  785000   -7600.8878   -7603.5469    1.6663271    305.17532    300.92772    5.8101572    24124.542    24124.542 0.00034526698    6754.0464    6394.1783    133.72353  0.036539861 
  790000   -7602.8941   -7602.7066    1.5530766    305.12544    300.77337    6.2196217    24124.542    24124.542 0.00034526698    6366.7486    6674.4399     196.7997  0.034937587 
  795000   -7600.6585   -7601.9648    1.6322012    304.61943    301.40211    4.6674723    24124.542    24124.542 0.00034526698    6878.5414    6731.9381     210.0626   0.03571358 
  800000   -7600.9323   -7601.1297    1.4959351    297.41055    299.79052    5.5327309    24124.542    24124.542 0.00034526698    7095.9549    6929.2666     179.6595  0.036856951 
  805000   -7605.4438   -7603.1089    1.2789601    290.31188    299.74951     4.022444    24124.542    24124.542 0.00034526698    6388.3405    6529.4549    219.29494  0.035762603 
  810000   -7601.1754   -7601.3551    1.9020435    297.07329    301.67725    5.9946754    24124.542    24124.542 0.00034526698    7096.2699    6834.8475    241.39722  0.036284638 
  815000   -7603.9938   -7602.8705    2.3539496    295.19413    297.75346    5.8818396    24124.542    24124.542 0.00034526698    6424.4335    6621.4305    342.42825  0.034823117 
  820000   -7600.3256   -7601.0083    1.4275327    305.47258    300.54839    4.4182565    24124.542    24124.542 0.00034526698    6839.2461    6864.9538    168.08402  0.034524247 
  825000   -7602.0855   -7600.9048    1.0157284    297.92934    298.90022    4.5816705    24124.542    24124.542 0.00034526698    6850.4487    7067.9654    130.36627  0.036128719 
  830000   -7601.1637   -7601.0286    1.4073647    308.16535    300.05942    6.0204434    24124.542    24124.542 0.00034526698    6618.0088     7041.163    165.68343  0.034992029 
  835000   -7598.7267   -7601.7917    1.6985743    305.77013    302.28359    5.6534507    24124.542    24124.542 0.00034526698    7283.5484    6759.1624    259.17123  0.036414614 
  840000   -7603.7766   -7604.2407     1.575655    304.70382     298.8549     5.718965    24124.542    24124.542 0.00034526698    6180.4618    6325.3592    135.46801   0.03548053 
  845000   -7603.6387   -7602.1501    1.3908965    298.36621    300.55753    4.9013502    24124.542    24124.542 0.00034526698     6537.264    6707.7047    138.76992  0.035139402 
  850000   -7600.5759   -7603.8287    1.2969324    304.12045    297.97986    3.5059203    24124.542    24124.542 0.00034526698    6804.9619    6352.6928    267.90321   0.03450952 
  855000   -7602.5181   -7601.6468    1.7383423      298.986    303.21863    5.0915578    24124.542    24124.542 0.00034526698    6752.6607     6731.462    216.29587   0.03483974 
  860000   -7604.2709   -7602.8923    1.4132567    295.64462    301.20937     6.020403    24124.542    24124.542 0.00034526698      6431.92    6470.0362     203.3127   0.03633623 
  865000   -7602.7105   -7601.6836    1.1324532    299.02561    300.39952    4.2491797    24124.542    24124.542 0.00034526698    6634.2028    6788.2662     91.35567  0.035455133 
  870000   -7604.2705   -7602.3498    1.4159965    298.79311    297.77811    4.2910854    24124.542    24124.542 0.00034526698    6245.4012    6654.2217    189.09641  0.036243048 
  875000   -7601.9922    -7601.846    1.1028988     304.8649    300.40027    3.5608028    24124.542    24124.542 0.00034526698    6551.9445    6872.5862    174.84532  0.035787065 
  880000   -7601.9846   -7605.2211    1.3127915    305.48496    299.22185    4.3483146    24124.542    24124.542 0.00034526698    6469.6307    6053.0479     131.5882  0.034419865 
  885000   -7606.2268   -7603.8299    1.7714629     287.4968    297.41856    6.9166657    24124.542    24124.542 0.00034526698    6545.3736    6599.5058    173.13113  0.034795842 
  890000   -7606.9519   -7601.8706    1.6954458    281.21232    301.18018    5.8166544    24124.542    24124.542 0.00034526698     6504.752    6700.3885     145.3556  0.035264293 
  895000   -7605.6098   -7603.1035     1.410594    292.90159    302.00163    5.6339082    24124.542    24124.542 0.00034526698    6317.8756     6437.482    109.76389  0.034849904 
  900000   -7608.7796   -7602.9415    2.4009346    291.31815    301.72251    4.3470462    24124.542    24124.542 0.00034526698    5680.2452    6571.0752    505.20626  0.033727549 
  905000   -7605.6155   -7601.6196    1.6331346    287.22911    299.11628    4.8727332    24124.542    24124.542 0.00034526698    6497.6005    6869.6727    199.24101  0.034491635 
  910000   -7604.4778   -7603.4542    1.8749176    294.05609    301.20138    5.4634891    24124.542    24124.542 0.00034526698    6500.4805    6437.1356    256.60825  0.033876926 
  915000   -7606.7263   -7605.2647    1.6953762    297.98511    298.89485    5.4361708    24124.542    24124.542 0.00034526698    5718.4776    6087.8235    279.73802  0.034426514 
  920000   -7605.9299   -7604.6541    2.3005493    293.95504    296.01007    5.6459378    24124.542    24124.542 0.00034526698    6158.0547    6320.2514    258.56556  0.035073298 
  925000   -7597.3014   -7599.5563    1.9298619    303.33459    302.85237    5.1413654    24124.542    24124.542 0.00034526698    7615.7565     7129.001    267.12176  0.036331586 
  930000   -7603.9136   -7603.9798     1.103769    302.45603    299.79751    4.7500808    24124.542    24124.542 0.00034526698    6202.6009    6339.7981    122.97935  0.034125087 
  935000   -7602.0829    -7603.285    1.4796234    304.04613    301.59526    4.4792731    24124.542    24124.542 0.00034526698    6537.0458    6403.6142    188.00878  0.033945574 
  940000   -7597.7001    -7602.227    2.1502655    305.13039    299.36635      4.85833    24124.542    24124.542 0.00034526698    7549.2596    6759.4569    415.09673  0.035648311 
  945000   -7603.6419   -7603.0003    1.2944645    299.92721    300.79614    4.5226035    24124.542    24124.542 0.00034526698    6354.6585    6441.2201    149.97539  0.034696749 
  950000   -7600.0523   -7601.0338     1.423394    304.46827    300.09957    3.8716937    24124.542    24124.542 0.00034526698    6942.3831    6924.0273    182.38892  0.036123316 
  955000   -7599.4132   -7601.0243    1.6298986     298.8739    300.52124    4.3375304    24124.542    24124.542 0.00034526698    7211.5347    6848.1695    243.38787  0.035741869 
  960000   -7600.6815   -7600.5679    1.5168007    295.87704    300.42197    6.1450774    24124.542    24124.542 0.00034526698    7148.5991    6991.1745     164.2598  0.035277067 
  965000   -7603.3504   -7604.1686    1.7608127    305.54756    298.50452    5.0820782    24124.542    24124.542 0.00034526698    6192.3516    6352.3604    237.42349  0.033748431 
  970000   -7601.4435   -7602.3108    1.2046231     299.3164    299.14267    4.4120906    24124.542    24124.542 0.00034526698    6954.2248    6774.4677    112.94617  0.034989549 
  975000     -7598.94   -7599.9693    1.5093429    301.05236    300.18685     3.621152    24124.542    24124.542 0.00034526698    7277.5344    7136.0567    239.35086  0.035061204 
  980000   -7598.0301   -7600.2611    1.7999632    308.80115    303.72838    5.9755539    24124.542    24124.542 0.00034526698    7195.0926    6888.6144    337.12749  0.035740937 
  985000   -7600.2042   -7602.9152    1.6522143    304.99808    298.21538     4.811028    24124.542    24124.542 0.00034526698    6907.0798    6561.6758    168.06289  0.036698328 
  990000   -7603.2102   -7603.9664     1.237862    295.24759    297.04847    5.3484395    24124.542    24124.542 0.00034526698    6603.9482    6371.0698    131.08929  0.037094832 
  995000    -7599.572   -7602.2301     1.390531     303.9362    300.23192    5.7108464    24124.542    24124.542 0.00034526698    6978.7636    6592.2212    188.88628  0.037106151 
 1000000    -7604.215   -7601.9623    2.1353063    296.29995    300.00367    6.9053845    24124.542    24124.542 0.00034526698     6357.159    6695.2943     209.2889  0.035540435 
 1005000   -7599.9997    -7600.735    2.2787368    300.31649    300.85153    6.6863578    24124.542    24124.542 0.00034526698    7276.2311    7068.2445    235.89633  0.036675789 
 1010000   -7599.9508   -7601.7267    1.3428515    306.01793    303.51171    4.9939872    24124.542    24124.542 0.00034526698    6905.2773    6673.9113    90.208874  0.036443865 
 1015000   -7603.7529   -7603.0929    1.1990605    295.35955    299.39481    4.7574315    24124.542    24124.542 0.00034526698    6556.1394    6504.3225    149.89672   0.03489601 
 1020000   -7600.8283     -7601.46    1.1765875    298.71167    303.42531    4.8610013    24124.542    24124.542 0.00034526698    7025.4175    6704.4287    123.26483   0.03529674 
 1025000   -7607.3582   -7603.6853     1.585955    290.48378    299.62427    4.9151991    24124.542    24124.542 0.00034526698    6064.8716    6369.5173    250.63433  0.034318108 
 1030000   -7604.6866   -7602.5261    2.1262142    288.70018     298.0063    5.8793532    24124.542    24124.542 0.00034526698    6704.9082    6740.9743    283.79169  0.035108095 
 1035000   -7602.2969    -7603.586    1.2478287    304.31208    300.14322    4.9861983    24124.542    24124.542 0.00034526698    6433.0325    6350.8601     118.0329   0.03476792 
 1040000   -7600.5621   -7604.6671    2.4118532      303.034    298.28832    4.8485654    24124.542    24124.542 0.00034526698    6817.5715    6155.6176    403.69427  0.034200678 
 1045000   -7604.1137   -7603.3766    1.6195342    300.00098     297.2391    4.3911729    24124.542    24124.542 0.00034526698    6417.5538    6668.7869    214.18064  0.034802674 
 1050000   -7602.9157   -7602.7682    1.5612717     305.3279    299.84409     4.556226    24124.542    24124.542 0.00034526698    6253.9305    6553.0061    234.05683  0.035581252 
 1055000   -7604.7607    -7603.165    1.4030468    290.83762    296.55654    5.0405916    24124.542    24124.542 0.00034526698    6626.7697    6666.3813    138.83288  0.036413132 
 1060000   -7601.8009   -7600.8521    1.5266652    295.17585    300.51006    6.0265105    24124.542    24124.542 0.00034526698    7040.7943    6974.0527    87.139679  0.035026866 
 1065000   -7600.3987   -7603.3797    1.1565241    300.28294    298.05852    4.6444222    24124.542    24124.542 0.00034526698    7076.9709    6551.5078    159.49674  0.035159406 
 1070000   -7600.2639   -7600.9326    1.6288923    292.97248    298.07155    4.5883809    24124.542    24124.542 0.00034526698    7406.4146    7040.1913    305.66248   0.03472129 
 1075000    -7601.506   -7603.0628    1.1978703    303.90747    297.97697    5.1380069    24124.542    24124.542 0.00034526698     6731.556    6580.7334    259.88916  0.035353622 
 1080000   -7602.5263   -7602.2719    1.1806629    297.63747    300.56244    4.4292432    24124.542    24124.542 0.00034526698    6793.8692     6641.392     143.6132   0.03578495 
 1085000   -7603.2161   -7602.2872    1.8252003    300.30759    299.79259    5.7579315    24124.542    24124.542 0.00034526698    6413.9363    6701.4857    218.61659  0.035651805 
 1090000    -7602.155   -7604.4031    1.7080647    304.68369    300.26235    6.2793853    24124.542    24124.542 0.00034526698    6556.2593    6288.3557     138.1975  0.035594805 
 1095000   -7604.2539   -7603.8061    1.8583769    295.96614    298.21438    4.8457392    24124.542    24124.542 0.00034526698    6335.1388    6393.2969     320.6513  0.035494143 
 1100000    -7600.699   -7600.8487    1.3533279    309.15052    303.54586    5.0272604    24124.542    24124.542 0.00034526698    6630.8505    6834.2681    109.25047  0.034831046 
 1105000   -7599.7145   -7600.6127    1.4187209    310.48196    301.10799    6.0936022    24124.542    24124.542 0.00034526698    6820.3038    7060.1327    128.76322  0.036872803 
 1110000   -7604.1158   -7601.6263    1.3892179    296.61813    300.95454    5.3362775    24124.542    24124.542 0.00034526698    6453.0718    6821.6945     143.2328  0.035912799 
 1115000    -7601.911    -7602.436    1.5281142    297.12998    300.54966    4.5787756    24124.542    24124.542 0.00034526698    6874.3709    6608.2627    272.18513  0.035068047 
 1120000   -7600.9822   -7599.0778    1.2484414    295.68869    304.11382    4.6814392    24124.542    24124.542 0.00034526698    7160.0714    7243.8084    117.02487  0.036822574 
 1125000   -7601.7613   -7601.4985    1.0298485    300.22195    297.18769    4.0645741    24124.542    24124.542 0.00034526698    6924.0529    7040.2456    63.719022  0.035730565 
 1130000   -7601.6766   -7599.4682    1.6001943    299.32507    303.42474    5.3573618    24124.542    24124.542 0.00034526698    6844.3971    7220.3522    201.07946  0.036207193 
 1135000   -7603.1053   -7601.4363    1.6621927    298.33614    300.93198    4.8541671    24124.542    24124.542 0.00034526698    6531.7853    6778.1289    228.59353  0.035665424 
 1140000    -7599.943   -7599.9938    1.2269661    299.71285    303.71004    4.3337294    24124.542    24124.542 0.00034526698    7194.3516     6960.377    144.26196  0.035977935 
 1145000   -7597.7022   -7600.9911    1.6376814    301.51443    299.01377    5.0971504    24124.542    24124.542 0.00034526698    7678.6962    7007.7695    205.55508  0.037377944 
 1150000   -7604.0789   -7601.7675    1.4709327    294.70064    302.26548    5.0604096    24124.542    24124.542 0.00034526698    6500.3362     6666.855    122.06896  0.035628403 
 1155000   -7601.2486   -7601.8103    1.1809223    302.44922    300.74684    4.4648359    24124.542    24124.542 0.00034526698    6796.3215    6759.2751    87.465142  0.035649158 
 1160000   -7604.6483   -7603.1692    1.3431693    301.71192     301.1656    4.8153732    24124.542    24124.542 0.00034526698    6025.1026    6385.2063    189.81473  0.033924533 
 1165000   -7601.9768   -7601.2438    1.5548929    293.12647    301.74644    7.1422329    24124.542    24124.542 0.00034526698    7109.5624    6874.9506    117.39701  0.035963141 
 1170000   -7602.6207   -7604.3337    1.9827905    300.54178    298.03948    5.4730874    24124.542    24124.542 0.00034526698    6640.5118    6379.7712    261.10625   0.03421169 
 1175000   -7600.5734   -7601.9923     1.706402    304.64488    299.14099    7.0579938    24124.542    24124.542 0.00034526698    6819.8261    6799.6877    91.538112  0.034955749 
 1180000   -7601.3894   -7601.8482    1.3103114    295.95166    299.39569    4.1627459    24124.542    24124.542 0.00034526698    7106.9309    6858.2638    193.01652  0.035634418 
 1185000   -7603.9937   -7604.7553    1.3938017    296.82551    300.06323    4.9110981    24124.542    24124.542 0.00034526698    6465.7965    6124.0531    151.20959  0.035627824 
 1190000   -7603.8921   -7603.2223    1.6329875    293.31212      297.442    5.6622314    24124.542    24124.542 0.00034526698    6656.5651    6598.7917    140.44113  0.035282804 
 1195000   -7605.0837   -7601.2487    1.6151362    286.61303    299.99327    5.7254475    24124.542    24124.542 0.00034526698    6704.1328    6836.4337      149.342  0.035661579 
 1200000   -7603.4155   -7602.9008    1.1892008    301.11328    301.27789    4.2890666    24124.542    24124.542 0.00034526698    6425.3533    6562.4024    98.074127  0.037371051 
 1205000   -7604.0559   -7603.6413    1.2957404     299.3782    298.25476    3.7317858    24124.542    24124.542 0.00034526698    6267.5622    6434.0022    185.93064  0.036178514 
 1210000   -7602.4737   -7603.5454    1.2989188    303.73935    299.41888    4.5931839    24124.542    24124.542 0.00034526698    6597.2884    6510.9991    131.03558   0.03642335 
 1215000   -7604.1816   -7601.0894    1.5114218    292.21607    299.47397    5.0605827    24124.542    24124.542 0.00034526698    6678.6746    6978.5156    168.42745  0.035515055 
 1220000   -7598.8332   -7601.7947    2.2670955     310.1029    299.58834    6.5813048    24124.542    24124.542 0.00034526698    6956.3199    6819.5901    266.47132  0.035952132 
