Step TotEng v_varAveEnergy v_energySTD Temp v_varAveTemp v_tempSTD Volume v_varAveVolume v_volumeSTD Press v_varAvePress v_pressSTD c_MSD[4] 
   20000   -7610.6128   -7610.1448    1.6093869    297.13929    299.88342    5.1021144    24490.059    24490.059 0.00091349057   -15317.652   -15399.697    154.89448 5.3833594e-29 
   25000    -7607.636   -7608.2855    1.6695416    302.13239    299.59828    5.8142465    24490.059    24490.059 0.00091349057   -14959.223   -14981.198     133.3049  0.029952189 
   30000    -7607.343   -7608.8311    1.2682384    306.28612    299.88669    4.5181898    24490.059    24490.059 0.00091349057   -15001.674   -15094.001    111.84396  0.032723112 
   35000   -7607.3461    -7607.971    1.2360158    304.83152    299.86772    5.3530444    24490.059    24490.059 0.00091349057   -14925.378   -14882.775    162.32053  0.033940884 
   40000   -7608.3487   -7608.0677    1.2824537     297.5716    298.98703    5.3088185    24490.059    24490.059 0.00091349057   -14884.343   -14898.285    205.11577  0.035515767 
   45000   -7608.9851   -7608.1262    1.1447337    295.86072     299.0177    4.6521793    24490.059    24490.059 0.00091349057    -14945.35   -14951.139    221.49575  0.035456117 
   50000   -7610.1756   -7610.1266     1.028378    300.10406    299.61649    4.2507578    24490.059    24490.059 0.00091349057   -15408.819   -15324.935    94.914747  0.036393678 
   55000   -7609.4533   -7611.9111    1.2866353    309.58262    296.45308    5.3152169    24490.059    24490.059 0.00091349057   -15573.272   -15538.148    154.00044  0.035642489 
   60000   -7608.4129   -7610.1274    1.8333523    299.52624    298.36608    6.6814514    24490.059    24490.059 0.00091349057   -15038.474   -15354.906    128.54883  0.037615002 
   65000    -7604.298   -7608.7771     1.614553     309.0146    300.06615    4.0166658    24490.059    24490.059 0.00091349057   -14501.493   -14996.463    262.49269  0.037628447 
   70000   -7611.8478   -7609.7361    1.3330752    297.89957    298.66766    3.8346713    24490.059    24490.059 0.00091349057   -15647.416   -15186.609    220.59126  0.036990004 
   75000   -7607.2344   -7609.7806    1.2470857     301.7778    300.88047    5.2415399    24490.059    24490.059 0.00091349057   -14833.121   -15389.124    178.26245   0.03631929 
   80000   -7610.5543   -7610.1282    1.3254543    297.21153    297.03469    4.5816575    24490.059    24490.059 0.00091349057   -15351.709   -15158.122    148.16825   0.03726267 
   85000   -7612.3799   -7610.6481    1.4596493    299.78116    300.69086    4.3011339    24490.059    24490.059 0.00091349057   -15822.663   -15459.972    218.11204  0.037397434 
   90000   -7610.0637   -7608.1093    1.8941253    298.35906    301.96808    5.5304714    24490.059    24490.059 0.00091349057   -15203.086   -14868.646    220.43755  0.038512805 
   95000   -7607.5591   -7610.0809    1.6482024    304.65453     298.5161    5.2261635    24490.059    24490.059 0.00091349057   -15048.782   -15260.022    132.95121  0.038172262 
  100000   -7605.5634   -7607.7471    2.0005763    307.75437    301.36993    5.5234008    24490.059    24490.059 0.00091349057   -14743.107    -14904.89    248.50407  0.037716465 
  105000   -7606.9734   -7606.7848    1.6585543    300.58763    302.14294    6.1255364    24490.059    24490.059 0.00091349057   -14819.883   -14789.528    104.93659  0.038409962 
  110000    -7609.121   -7609.8665    0.9173319    300.77588    298.32051    3.4088154    24490.059    24490.059 0.00091349057   -15178.683   -15205.696    68.253577  0.037267379 
  115000   -7610.5796   -7610.4122    1.1650524    300.89552    298.73268    5.3363926    24490.059    24490.059 0.00091349057    -15588.98   -15414.151    99.265649  0.035873989 
  120000   -7609.9143   -7612.5778    1.6815312    297.24915    296.54655    4.8490571    24490.059    24490.059 0.00091349057   -15238.698   -15791.416    227.59081  0.038014005 
  125000   -7609.2229   -7607.6268    1.9084752    296.25471    300.09988    5.9905133    24490.059    24490.059 0.00091349057   -15068.587   -14852.025    219.81544  0.035561178 
  130000   -7608.1659   -7610.7005    2.5135426    302.80078    301.08889    6.8580635    24490.059    24490.059 0.00091349057   -15089.338    -15571.97    317.40418  0.037217728 
  135000   -7605.5243   -7608.3979    1.8055956    306.62185    302.06613    5.5575906    24490.059    24490.059 0.00091349057   -14761.526   -15161.588    171.88547  0.037617214 
  140000    -7607.775    -7607.687   0.90682949    301.08132    299.34815     3.583843    24490.059    24490.059 0.00091349057   -14847.805   -14793.749    134.99127  0.037907234 
  145000    -7607.283   -7608.4093    1.1282991    301.03793    298.98303    4.3986148    24490.059    24490.059 0.00091349057    -14841.29   -15016.693     177.6212  0.037651051 
  150000    -7610.537   -7608.9398    1.1844789    292.32849    299.96462    4.8547568    24490.059    24490.059 0.00091349057   -15097.441   -15107.354    104.79465  0.037245871 
  155000   -7608.2676   -7609.5309    1.6547022     303.0707    296.80628    4.6882731    24490.059    24490.059 0.00091349057   -15165.711    -15112.81    166.18063  0.036485056 
  160000   -7605.4255   -7608.5322    1.2128654    308.99925    302.81761    4.6320462    24490.059    24490.059 0.00091349057   -14780.447   -15139.849    113.45123  0.037234319 
  165000   -7607.5971   -7607.8286    1.3526842    305.23646    301.60318    6.6317073    24490.059    24490.059 0.00091349057   -15102.708   -14933.482     156.4363  0.036899434 
  170000   -7609.9321    -7608.998    1.0863259    294.11066    298.78743    4.2958577    24490.059    24490.059 0.00091349057   -14988.369   -15035.008    199.04445  0.037247538 
  175000   -7606.0671   -7608.2116    2.2784867    298.41917    298.71976    5.5272973    24490.059    24490.059 0.00091349057   -14324.611   -14904.435    298.56822  0.038639264 
  180000   -7610.6961   -7610.0752    1.7398401    296.46951    299.43124     5.035968    24490.059    24490.059 0.00091349057   -15342.652   -15381.669    310.43623  0.038380117 
  185000   -7612.0445    -7611.951     1.761573    297.46381     296.8373    5.3014724    24490.059    24490.059 0.00091349057   -15740.901   -15611.934    176.77806  0.035752363 
  190000   -7608.2507   -7607.2641     1.294712    297.35587    301.62321    5.3457487    24490.059    24490.059 0.00091349057   -14802.043   -14797.011    190.68347  0.037774914 
  195000   -7609.0767   -7608.3522    1.5326757    301.19776    299.42184    4.9732713    24490.059    24490.059 0.00091349057   -15065.826   -14925.383    178.91208  0.037389811 
  200000   -7607.4945   -7607.5446    1.5550596    299.78845    300.15106    5.1343494    24490.059    24490.059 0.00091349057   -14785.897    -14773.28    155.64367  0.037638033 
  205000   -7605.2378   -7607.1789    1.5610508     308.2998    298.93298    4.9633147    24490.059    24490.059 0.00091349057    -14615.72   -14631.767    214.64698  0.039023701 
  210000   -7606.6492   -7607.4196    1.5936798    298.01551    299.48037    5.5744482    24490.059    24490.059 0.00091349057   -14495.823   -14715.361    145.67418   0.03842781 
  215000   -7609.4783   -7609.3397    1.5674113    300.33633    301.53327    6.2372832    24490.059    24490.059 0.00091349057   -15097.119   -15102.283    69.981836  0.037300453 
  220000   -7609.9157   -7607.5887    1.9908631    298.12906    298.05923    4.9721665    24490.059    24490.059 0.00091349057   -15213.217   -14624.816    279.69682  0.037543062 
  225000     -7610.87   -7609.2955    1.0789289     298.9522    297.35684    3.5741297    24490.059    24490.059 0.00091349057   -15309.356   -14846.439    132.66776  0.037203958 
  230000   -7606.3593   -7607.8687    2.2129393     305.5613    302.57194    5.7909242    24490.059    24490.059 0.00091349057   -14766.883   -14963.751    302.79674  0.038120853 
  235000   -7611.1901   -7611.9126    1.4750242    299.49547    300.30015    5.6881315    24490.059    24490.059 0.00091349057   -15533.548   -15739.504    178.92867  0.037154745 
  240000   -7607.7667   -7607.2378    1.5012804    302.82199    300.74244    4.5658205    24490.059    24490.059 0.00091349057   -15114.123   -14897.545    148.21367   0.03802819 
  245000   -7604.9709   -7608.4832    2.0276239    303.37073    301.31669    5.0431476    24490.059    24490.059 0.00091349057   -14359.049   -15036.304    321.25167  0.039539896 
  250000   -7607.2304   -7607.7964    1.1614698    304.84999    302.42525    5.0387945    24490.059    24490.059 0.00091349057   -14834.097   -14907.024    65.427276  0.038737046 
  255000   -7608.9582   -7610.5204    1.8591037    294.40426     297.9646    5.8765201    24490.059    24490.059 0.00091349057   -14733.606   -15240.102    248.35292  0.038698508 
  260000   -7606.1468   -7609.2502    1.8038991    307.77298    299.70157    4.5022379    24490.059    24490.059 0.00091349057   -14914.068   -15145.098    188.47823   0.03946548 
  265000   -7607.0013   -7610.3683    2.1207688    302.20057    299.06076    5.9164054    24490.059    24490.059 0.00091349057   -14805.188   -15339.698    309.86948  0.038281092 
  270000   -7607.4719   -7607.0677    1.5598602    290.33982    300.38657    5.2504173    24490.059    24490.059 0.00091349057   -14268.064   -14631.803    263.57488  0.037657738 
  275000   -7609.0226    -7606.955    1.2700339    291.17462     301.1901    5.0431321    24490.059    24490.059 0.00091349057   -14669.159   -14708.289    105.89775  0.038614118 
  280000    -7610.611   -7610.4826    1.4245489    303.08904    299.78369    4.7528068    24490.059    24490.059 0.00091349057   -15623.084   -15465.007    229.80655  0.036247596 
  285000   -7610.0101   -7608.0469     1.250205    293.75786    298.54046    4.5034374    24490.059    24490.059 0.00091349057   -15069.586   -14851.772    131.74492  0.036527399 
  290000   -7606.0354   -7607.0244     1.653354    307.67284    300.25365     7.600029    24490.059    24490.059 0.00091349057   -14732.904   -14651.662    104.05755  0.036034157 
  295000   -7610.8482   -7610.3239    1.6345271    292.95232    297.47311    5.1012376    24490.059    24490.059 0.00091349057   -15074.037    -15193.27    192.89094  0.036617033 
  300000   -7609.5657    -7607.146    1.2019066    297.36572    302.90928    4.0783638    24490.059    24490.059 0.00091349057   -15008.933   -14745.322    118.12484  0.038036624 
  305000   -7606.3444   -7607.1088    1.4345279    308.85662     300.6912    6.3138316    24490.059    24490.059 0.00091349057   -14799.273   -14687.666    118.37272  0.038611315 
  310000   -7606.4028   -7606.2012   0.98060134     303.0359    301.37312    3.3983417    24490.059    24490.059 0.00091349057   -14726.672   -14584.855     207.4543   0.03966355 
  315000   -7608.4448    -7608.023    1.3253706    303.91282    300.87741     5.578645    24490.059    24490.059 0.00091349057   -15243.703   -14971.254      110.529  0.038000561 
  320000   -7609.9678   -7609.5722     1.582035    297.51361    296.87168    4.2890454    24490.059    24490.059 0.00091349057   -15246.486   -15134.534    175.26937  0.038112483 
  325000    -7607.462   -7608.6921    1.8006708    302.64982     298.5531    5.4381374    24490.059    24490.059 0.00091349057   -14851.952   -14918.755    214.18269  0.038482515 
  330000   -7611.9973   -7609.0646    2.3732362    299.57579    300.56505    5.7436448    24490.059    24490.059 0.00091349057    -15647.26    -15077.77    364.94897  0.036874977 
  335000    -7610.393   -7608.2169    1.2317621    293.35428    297.90442    4.4267672    24490.059    24490.059 0.00091349057   -15185.389   -14862.717    118.96956  0.037310817 
  340000   -7606.3106   -7605.9514    1.2295495    303.96773    302.41168    5.7494747    24490.059    24490.059 0.00091349057   -14752.852    -14575.63    79.675623  0.039561341 
  345000   -7610.0654   -7610.9809     1.268492    295.42766    301.02457    5.2741023    24490.059    24490.059 0.00091349057   -15055.952   -15580.034    275.04078  0.037300149 
  350000    -7606.031     -7607.67    1.7087268    305.20607    300.70867    4.5545179    24490.059    24490.059 0.00091349057   -14671.962   -14790.392    172.57044  0.038550762 
  355000   -7611.5983   -7608.8376    1.6187139    293.20164    299.85989    4.6528084    24490.059    24490.059 0.00091349057   -15391.934   -15050.857    235.49687  0.036513844 
  360000   -7606.3488   -7607.4727    1.3661623    302.17253    302.12274    5.2780215    24490.059    24490.059 0.00091349057   -14605.226   -14866.015    122.53362  0.037564232 
  365000   -7605.8771   -7607.5353    1.2214418    308.00373     301.8766    3.7621205    24490.059    24490.059 0.00091349057    -14837.52   -14952.764    163.26966  0.038047081 
  370000   -7609.1901   -7608.3404    1.2559729    300.80067    300.66497    5.2688235    24490.059    24490.059 0.00091349057   -15252.626   -15063.585    85.323334  0.036270646 
  375000   -7611.7173   -7607.0323    1.9230609    285.18054    299.53807    7.1476286    24490.059    24490.059 0.00091349057   -15023.776   -14619.937    201.30867  0.037117135 
  380000   -7609.6388   -7608.0281    1.4271272    294.65386    300.01207     4.725992    24490.059    24490.059 0.00091349057   -14873.663   -14820.147    124.44136  0.038024943 
  385000   -7608.5958    -7608.321    1.3279844    298.98123    300.23015     4.457064    24490.059    24490.059 0.00091349057   -15049.464   -15037.837     153.3553  0.037691662 
  390000   -7608.3838   -7610.4529    1.1639415    305.99619    298.59231     4.174041    24490.059    24490.059 0.00091349057   -15211.768   -15325.989    93.499091  0.039672457 
  395000    -7606.171   -7609.8309    1.5354399     311.9253    299.03157      5.24025    24490.059    24490.059 0.00091349057   -14929.788   -15207.901    184.88963  0.038523349 
  400000   -7611.0993   -7608.6303    1.7545697    293.04277    298.25171     5.202493    24490.059    24490.059 0.00091349057   -15258.905   -14960.501    171.27844  0.038858965 
  405000   -7610.0318   -7607.0433    1.6519258    290.55134    299.76827    5.4649057    24490.059    24490.059 0.00091349057   -14857.611   -14629.433    132.29179  0.039261628 
  410000   -7609.9826   -7610.3392    1.8024728     297.9353    300.22221    6.8856251    24490.059    24490.059 0.00091349057   -15058.685   -15353.626    123.38139  0.039256803 
  415000   -7608.2915   -7609.3391    1.2061613     305.4437    297.94953     5.743462    24490.059    24490.059 0.00091349057   -15241.413   -15129.196    187.78749  0.038100709 
  420000   -7608.2711   -7609.0605    1.2742603    304.24077    298.06404    5.1748524    24490.059    24490.059 0.00091349057   -15250.793   -15145.238    125.60496  0.038752276 
  425000   -7608.3114   -7608.8171    1.1952096    302.47791     301.1559    4.1109368    24490.059    24490.059 0.00091349057    -15067.89   -15099.058    192.02717  0.038154562 
  430000   -7609.7423   -7610.0488    1.2599524    298.73079    298.23474    4.6171791    24490.059    24490.059 0.00091349057   -15154.183   -15250.883    115.51156  0.038331439 
  435000   -7611.3803   -7611.2206    1.9449417    294.22885    297.43269    4.7828731    24490.059    24490.059 0.00091349057    -15424.18   -15471.846     339.5616  0.038041911 
  440000   -7607.0392    -7607.101    1.2613348      307.864    300.14773     4.202164    24490.059    24490.059 0.00091349057   -15073.576   -14689.935    177.15216  0.038458892 
  445000   -7608.2178   -7607.5975     1.678295    299.36433    301.26071    5.8579122    24490.059    24490.059 0.00091349057   -14979.935   -14924.111    121.97105  0.038130718 
  450000   -7611.5784     -7608.97    1.4062151     291.8596    299.11513    5.2848055    24490.059    24490.059 0.00091349057   -15339.381   -15092.984    106.38622  0.038041813 
  455000   -7607.4662   -7609.2153    2.2045579    299.55847    297.33678    4.8964913    24490.059    24490.059 0.00091349057   -14717.209   -14970.473    382.45411  0.036881539 
  460000   -7610.2692    -7608.363    1.8430634    297.33257    300.13882    5.7249265    24490.059    24490.059 0.00091349057   -15258.852   -14949.865    259.70741  0.036907109 
  465000   -7605.6986   -7608.8467    2.1997952    306.75184    301.29124    6.2080868    24490.059    24490.059 0.00091349057   -14724.443    -15237.96    234.52439  0.037238834 
  470000   -7609.9095   -7610.3499    1.2818516    305.81842    299.73061    4.7903244    24490.059    24490.059 0.00091349057   -15591.362   -15368.538     123.7314  0.035480363 
  475000   -7609.5811   -7608.7644    1.7612579    298.79001    298.93244    5.5770253    24490.059    24490.059 0.00091349057   -15018.102   -14937.115     150.1062  0.036732695 
  480000    -7608.923   -7609.5575    1.4904394    297.71233    298.64772    5.3450942    24490.059    24490.059 0.00091349057   -14936.413   -15191.845     208.6481  0.037336137 
  485000   -7609.6695   -7608.6378    1.8654542    299.64129    297.76589    5.1454215    24490.059    24490.059 0.00091349057   -15348.503   -14965.721     262.2644  0.038022485 
  490000   -7608.9597   -7607.6995    1.3155242    305.27728     301.4921    4.0496881    24490.059    24490.059 0.00091349057   -15308.868   -14830.241    162.38416  0.038011837 
  495000   -7611.6166   -7609.5121     1.622749    294.05343     299.8957    5.4448189    24490.059    24490.059 0.00091349057   -15334.125    -15156.56    109.75079  0.038725175 
  500000   -7610.3574   -7609.4524    1.2381317    297.80201    301.23952    3.9745071    24490.059    24490.059 0.00091349057   -15274.348   -15273.397    126.65303  0.037052252 
  505000   -7608.4711   -7608.3157    1.9140798    297.91401    299.13463    6.7504807    24490.059    24490.059 0.00091349057    -14897.85   -14899.092    189.19225  0.036626321 
  510000   -7608.6702   -7609.5358    1.0866141    298.12273    296.52145    4.2285831    24490.059    24490.059 0.00091349057   -14957.317   -15099.067    123.69009  0.038231641 
  515000   -7608.8475   -7609.4293    1.6768586    298.44283    297.55461    4.6691025    24490.059    24490.059 0.00091349057   -15047.515   -15102.965    275.26227  0.038308933 
  520000   -7609.7748    -7607.078    1.8058688     291.1528    300.66466    5.6093165    24490.059    24490.059 0.00091349057   -14881.595   -14710.463     247.1528  0.038823902 
  525000   -7606.6578    -7608.102    1.7262882    300.36601    298.62644    5.0344362    24490.059    24490.059 0.00091349057   -14601.655   -14930.312    318.91909  0.039301964 
  530000   -7608.6349    -7609.478    1.4782983    292.64893    297.58759    4.6598809    24490.059    24490.059 0.00091349057   -14719.644   -15129.624    233.10546   0.03932799 
  535000    -7608.115   -7607.5576    1.3659284    300.77522    300.72416    5.5948503    24490.059    24490.059 0.00091349057   -14932.234   -14853.873     87.50652  0.039430291 
  540000    -7610.078   -7608.0798    1.4612331    293.64793    301.84683    5.1786849    24490.059    24490.059 0.00091349057   -14977.939   -14986.326    186.24845  0.038961733 
  545000    -7606.987   -7609.1561    1.1061936    308.38902    301.41315    3.7423962    24490.059    24490.059 0.00091349057    -15122.04   -15334.579    134.71078  0.038548517 
  550000   -7608.3457   -7608.1585    1.6617039    303.51489    303.71593    5.4960543    24490.059    24490.059 0.00091349057   -15123.269   -15162.443    103.26215  0.038505896 
  555000   -7609.3231   -7607.1316    1.4695383    291.24488    301.05963    4.8142796    24490.059    24490.059 0.00091349057   -14865.621   -14805.746    133.24404  0.039794925 
  560000   -7606.6331   -7606.1175    1.3793868    298.94296    300.52866    5.3592199    24490.059    24490.059 0.00091349057   -14537.822   -14559.507    124.52713  0.040830582 
  565000   -7603.5902   -7609.6591    1.9820095    309.52097    299.54357    4.4879953    24490.059    24490.059 0.00091349057   -14351.168   -15233.602    349.48141  0.038835739 
  570000    -7609.193   -7608.8826    2.0200115    297.89428    300.88678    5.3342862    24490.059    24490.059 0.00091349057   -15086.128   -15133.948    273.93151  0.039732355 
  575000   -7606.6162   -7608.7054    1.4224121    302.07741    300.12659    5.6603733    24490.059    24490.059 0.00091349057   -14585.306   -14921.758    275.49166  0.040072538 
  580000    -7609.518   -7610.7104    1.4480849    305.99572    298.09436    4.8105733    24490.059    24490.059 0.00091349057    -15533.22   -15371.219    198.05888  0.038237858 
  585000    -7612.254   -7610.5901    1.3842366    296.38239    299.14046    5.7083472    24490.059    24490.059 0.00091349057   -15606.258   -15453.258    74.734179  0.036351973 
  590000   -7611.1565   -7610.4665    1.6611032    297.35974    302.81836    6.1132877    24490.059    24490.059 0.00091349057   -15325.215   -15488.452    209.49414  0.036271011 
  595000   -7611.5603   -7610.1051    1.9198088    299.13704    299.28303    4.6278129    24490.059    24490.059 0.00091349057   -15658.019    -15352.09    258.74074  0.037412116 
  600000   -7609.0431   -7610.4928    1.4004443    303.71479     298.0049    5.9709467    24490.059    24490.059 0.00091349057   -15153.563   -15238.128    147.02216  0.036734031 
  605000   -7607.8947   -7607.2022    1.0311356    297.73237    300.09851    3.8591117    24490.059    24490.059 0.00091349057   -14786.396   -14766.394    75.380675   0.03744667 
  610000   -7604.7915   -7605.8377    1.5531805    305.20872    301.54975    5.7293316    24490.059    24490.059 0.00091349057   -14475.988    -14513.98    267.68188  0.039033146 
  615000   -7608.6207   -7607.7947    1.9667692    293.93855    298.43894     6.458724    24490.059    24490.059 0.00091349057   -14657.641   -14739.198    198.25309  0.037856599 
  620000   -7608.7682   -7606.9894    1.7768413    302.78292    300.72084    5.2300582    24490.059    24490.059 0.00091349057   -15091.347    -14771.96    195.33059  0.038178179 
  625000   -7611.6039   -7608.9209    1.1890801    294.15341    300.98638    4.8883904    24490.059    24490.059 0.00091349057   -15416.264   -15144.469    218.70163  0.036830848 
  630000    -7605.248   -7608.2327    1.5097196    302.31142    299.16243    5.3980762    24490.059    24490.059 0.00091349057   -14443.433   -14894.264    283.22538   0.03773437 
  635000   -7608.4319   -7607.6111    1.5178308    301.78089    301.99795    4.7633183    24490.059    24490.059 0.00091349057   -15073.462   -14911.962    155.54964  0.037303647 
  640000   -7607.8573   -7609.1585    1.5528513    306.29592    300.92233    4.9911685    24490.059    24490.059 0.00091349057   -15140.695   -15174.415    186.51798  0.037143272 
  645000   -7608.2971   -7609.9906     1.268904    305.30751    300.50209    3.9872738    24490.059    24490.059 0.00091349057   -15180.841   -15273.309    156.62654  0.036962146 
  650000   -7609.5417   -7608.1772    1.4613194    296.71868    301.19656    6.7511018    24490.059    24490.059 0.00091349057   -15052.036   -15021.788    125.13028  0.037101442 
  655000   -7609.5992   -7610.0629   0.97513119    307.28735    298.69074    4.8349551    24490.059    24490.059 0.00091349057   -15608.634   -15250.634    164.85605  0.037220889 
  660000   -7609.5255   -7608.6129    1.7405318    298.08696    298.99582    5.0652173    24490.059    24490.059 0.00091349057   -15137.096    -14927.43    203.46739  0.038251366 
  665000   -7611.6812   -7608.2528    1.6165143    293.42956    301.89832    6.2747554    24490.059    24490.059 0.00091349057    -15340.48   -14976.279    164.37303  0.037949135 
  670000   -7609.1825   -7607.8844    1.3634882    301.00496    301.33418    5.1209099    24490.059    24490.059 0.00091349057   -15245.092   -14874.974    165.40074  0.039531035 
  675000   -7606.2208   -7607.8553     1.429611    303.06203    298.62251    5.6595624    24490.059    24490.059 0.00091349057   -14534.523    -14679.01    89.328452  0.039267975 
  680000   -7607.8226   -7606.7942    1.8033684    300.68581    299.60381    5.2745629    24490.059    24490.059 0.00091349057   -14818.814   -14564.059    227.59535    0.0400016 
  685000   -7605.5664   -7609.0762    1.2803602    310.01985    296.94462    5.7865434    24490.059    24490.059 0.00091349057   -14819.566   -14931.783    102.73863  0.038785366 
  690000    -7611.119   -7611.3494    1.5323183    298.71239    296.53201    5.5837796    24490.059    24490.059 0.00091349057   -15532.269   -15475.973    136.85388  0.038667575 
  695000   -7605.5609   -7608.4032     1.497189    308.02201    300.35661    4.9885621    24490.059    24490.059 0.00091349057   -14688.697   -15015.675    126.49316  0.037032494 
  700000   -7609.7325   -7607.4279    1.4143626    298.54933    300.88511    4.5330273    24490.059    24490.059 0.00091349057   -15166.186   -14700.288    235.81133  0.036893076 
  705000   -7606.3488   -7608.3135    1.3007664     301.8163    302.34533    4.4889272    24490.059    24490.059 0.00091349057   -14655.649   -15115.534    241.51714  0.037062156 
  710000    -7610.947   -7608.4156    1.7154404    290.84718    301.00095     6.492902    24490.059    24490.059 0.00091349057   -15182.589   -15064.662    197.16076  0.035891726 
  715000   -7608.2227   -7609.4852    1.2957885    299.72774    298.51291    5.7409334    24490.059    24490.059 0.00091349057   -14961.856   -15137.612    143.80945  0.038723572 
  720000   -7608.6523   -7607.6759    1.4926569    296.81925    298.16956    5.4302412    24490.059    24490.059 0.00091349057   -14962.317   -14825.263    99.732477  0.037395186 
  725000   -7607.9758   -7608.4702    1.2107835    300.91787     300.5691    4.8147935    24490.059    24490.059 0.00091349057   -14898.506    -15014.26     121.2246  0.039117606 
  730000   -7606.8607   -7606.9692    1.0826933    297.22074    298.76812    4.3253304    24490.059    24490.059 0.00091349057    -14404.52   -14600.012    150.01636  0.038191555 
  735000    -7608.376   -7611.0082    1.4479655    304.36607    298.53357    4.3995202    24490.059    24490.059 0.00091349057   -15171.323   -15463.652    220.56684  0.037592331 
  740000   -7608.4417   -7608.5003    1.2845205     297.8485    298.06109    4.0845345    24490.059    24490.059 0.00091349057   -14830.505   -14858.241    159.00958   0.03777011 
  745000   -7606.0892   -7606.8807    1.4457403    301.77756    301.45363    4.9944071    24490.059    24490.059 0.00091349057    -14579.56   -14701.799    124.68945  0.038446435 
  750000   -7608.0362   -7608.6691     1.126906    298.71606    297.96382    4.5728571    24490.059    24490.059 0.00091349057   -14834.556   -14841.867    112.49609   0.03797412 
  755000   -7609.3676   -7608.8998    1.5858473    297.27024    301.73279    5.7382524    24490.059    24490.059 0.00091349057   -15070.617   -15158.518    145.79958  0.037821065 
  760000   -7607.2694    -7608.833    1.3606611    307.05103    304.25651    4.5458591    24490.059    24490.059 0.00091349057   -15036.588   -15226.849    169.58643  0.038119605 
  765000   -7612.6832   -7611.7845     2.011006    291.92159    297.84081    5.9551418    24490.059    24490.059 0.00091349057   -15583.917   -15592.763     204.4898  0.037000608 
  770000   -7605.8583   -7607.7487    1.0701563    303.84966    298.55456    4.2183001    24490.059    24490.059 0.00091349057   -14576.414   -14764.892    91.591846  0.037509239 
  775000   -7609.2298   -7609.7469    1.2503043    292.68571    296.55258    3.8298863    24490.059    24490.059 0.00091349057   -14895.129   -15156.108    204.43616  0.037674273 
  780000   -7608.6008   -7609.6864    1.4490118    304.03783    298.52075    5.6717082    24490.059    24490.059 0.00091349057   -15316.775   -15244.729    183.14285   0.03655746 
  785000   -7612.1311   -7609.9353    1.4824942    295.68372    300.60097    5.3832618    24490.059    24490.059 0.00091349057   -15599.827   -15261.822    114.15638  0.036018944 
  790000   -7609.6941   -7611.1717     1.400551    303.30417    297.90015    4.8263913    24490.059    24490.059 0.00091349057   -15526.391   -15564.872    144.73326   0.03651378 
  795000   -7609.7837   -7609.3328    1.6647591    297.51227     298.5359    6.6060047    24490.059    24490.059 0.00091349057    -15262.63   -15164.126    66.007475  0.037626849 
  800000   -7610.8124   -7609.2094    1.3374153    298.46137    300.62062    4.7661653    24490.059    24490.059 0.00091349057   -15375.663   -15130.202    104.79712   0.03738378 
  805000   -7606.3369   -7607.8242    1.5502871    305.67072    299.78659    4.8390355    24490.059    24490.059 0.00091349057   -14741.456   -14813.433    158.85506  0.037122655 
  810000    -7605.008    -7607.627    1.9675912    304.38779    303.11917    6.9599491    24490.059    24490.059 0.00091349057   -14522.792   -15023.238    229.17037  0.037573292 
  815000   -7607.0634   -7606.8701    1.2401678    297.29729    298.78574    5.3914555    24490.059    24490.059 0.00091349057   -14627.478   -14621.045    73.822114  0.036461517 
  820000   -7608.0341   -7609.1886    1.3089499    301.02841     298.8377    5.3147732    24490.059    24490.059 0.00091349057   -14938.196   -15115.226    99.860326  0.037263024 
  825000    -7607.322   -7607.4949     1.515939    302.92127    301.37793    4.6863182    24490.059    24490.059 0.00091349057   -14865.921   -14971.762    171.97071  0.036849092 
  830000   -7607.8062   -7607.5795    1.4278397     298.6294    299.55519    5.4611196    24490.059    24490.059 0.00091349057   -14808.592   -14864.305    90.068228  0.036808675 
  835000   -7610.1209   -7607.5825    1.7386294    299.40548     301.7835    5.0834398    24490.059    24490.059 0.00091349057   -15397.396   -14951.417    223.16835  0.037314621 
  840000   -7609.8648   -7609.1776   0.96710402    295.70459     299.3366    4.0905193    24490.059    24490.059 0.00091349057   -15147.184   -15133.022     85.50951  0.037390185 
  845000    -7609.557   -7610.7012    1.0102816      305.792    297.73987     4.427303    24490.059    24490.059 0.00091349057   -15510.878   -15373.673    117.82766  0.036460877 
  850000   -7605.5502   -7609.4266     1.438343    307.96682    300.22346    4.5884391    24490.059    24490.059 0.00091349057   -14697.651   -15176.473    214.51624  0.038399479 
  855000   -7612.6394   -7611.4975    1.2346145    291.71899    297.32678    4.5640456    24490.059    24490.059 0.00091349057   -15537.544   -15634.008    136.18165   0.03852797 
  860000   -7608.3455   -7609.4586     1.494875    308.20704    298.57351    5.1221441    24490.059    24490.059 0.00091349057   -15481.237   -15210.689    240.14313  0.038549624 
  865000   -7609.4519    -7608.501    1.6017942    290.98292    297.64321    4.9242655    24490.059    24490.059 0.00091349057   -14926.136   -14979.025    185.65729  0.038807261 
  870000   -7607.1213   -7607.5627    1.4275655    303.61158    302.32812    5.0755863    24490.059    24490.059 0.00091349057   -14837.329   -14830.175    106.07525   0.03921917 
  875000   -7608.1263   -7608.6226    1.9580334    299.29815    297.78678    6.0951277    24490.059    24490.059 0.00091349057   -14875.141   -14901.947    284.48814  0.037024147 
  880000   -7606.6837   -7608.2391    1.8759733    302.21762    298.73681    6.3731759    24490.059    24490.059 0.00091349057   -14607.266   -14843.019    217.85561  0.036689909 
  885000   -7607.0734   -7608.2545    1.9941241    301.13527    302.59109    4.6657033    24490.059    24490.059 0.00091349057   -14678.859   -15114.844     425.5441  0.038113643 
  890000   -7604.3086   -7604.9585     1.518189    305.24056    302.12621    5.5268651    24490.059    24490.059 0.00091349057   -14349.691   -14353.476    131.05701   0.03730202 
  895000   -7609.6233   -7609.1392    1.4470702    295.64995    300.74984    5.7007542    24490.059    24490.059 0.00091349057   -14931.865   -15181.762    105.65525  0.036209759 
  900000   -7609.1952    -7608.298     1.634542    299.75921    305.92611    6.7596611    24490.059    24490.059 0.00091349057   -15017.532   -15120.418    122.55722  0.036555683 
  905000   -7608.2199   -7607.1133    1.2008894     301.2678    301.45041     4.818843    24490.059    24490.059 0.00091349057   -14979.018   -14842.576    120.43434  0.037545689 
  910000   -7608.1954     -7607.45    1.1727295    292.47546    299.97566    4.3703946    24490.059    24490.059 0.00091349057   -14718.022    -14860.65     137.2408  0.036651709 
  915000    -7608.698     -7608.66    1.4442437    302.60139    299.28473    5.3588855    24490.059    24490.059 0.00091349057   -15175.504   -14947.875    132.44356  0.036172539 
  920000   -7608.1976   -7610.1058    1.5071987    300.80895    296.67459    5.8874503    24490.059    24490.059 0.00091349057   -14957.673    -15195.64    221.49241   0.03817198 
  925000   -7610.9376   -7611.6864    2.0573096    298.18263    297.63788    5.9533549    24490.059    24490.059 0.00091349057   -15433.513   -15650.031    299.38533  0.036615383 
  930000   -7611.9335   -7608.7986    1.7785238    286.32016    298.20303     7.465861    24490.059    24490.059 0.00091349057   -15035.856   -14960.416     104.4043  0.036127298 
  935000   -7607.0206   -7608.8294   0.83120797    302.68402    298.10765    3.2952162    24490.059    24490.059 0.00091349057   -14764.469   -14956.417    70.675464  0.036896078 
  940000    -7608.003   -7608.6876   0.98916004     301.0184    298.64798    3.9191959    24490.059    24490.059 0.00091349057   -14898.469   -14937.401    160.58404  0.036888705 
  945000   -7607.4739    -7608.114    1.4065192    301.90468    299.45811    4.4190515    24490.059    24490.059 0.00091349057   -14915.999   -14899.203    112.66203   0.03761115 
  950000   -7610.6408   -7610.0313    1.7560359    305.87818    296.28377    5.7404105    24490.059    24490.059 0.00091349057   -15842.579   -15248.189    286.24372  0.036615402 
  955000   -7610.1561   -7608.9769    1.4085249    296.89862    300.14499    4.8319627    24490.059    24490.059 0.00091349057   -15310.042   -15155.249    218.07468  0.036567064 
  960000    -7608.725   -7607.7021    1.2944587      297.613    298.36274    3.8435013    24490.059    24490.059 0.00091349057    -14966.49   -14789.627    160.31105  0.037319672 
  965000   -7611.1756   -7608.8571     1.397471    294.22503    299.11457    5.0730595    24490.059    24490.059 0.00091349057   -15240.654   -15030.318    119.52101  0.036717951 
  970000   -7609.0463   -7611.2089    1.3800658    301.27146    296.89184    5.7525607    24490.059    24490.059 0.00091349057   -15246.172   -15478.425     103.5869  0.036253752 
  975000   -7608.7982    -7609.943    1.7362592      304.902    300.61147     5.089392    24490.059    24490.059 0.00091349057   -15336.649   -15305.177    183.81157  0.035135439 
  980000   -7604.7553   -7607.6165    1.6046329    307.64122    299.13118    5.5675757    24490.059    24490.059 0.00091349057   -14730.781   -14811.082    124.35072  0.037843232 
  985000   -7608.7096   -7606.7107    1.4572793    296.64263    304.08855    4.8933238    24490.059    24490.059 0.00091349057    -14931.96    -14793.94    198.84736  0.037279511 
  990000   -7609.1857   -7605.9856    2.1568832    288.72311    299.65172    6.8313388    24490.059    24490.059 0.00091349057    -14636.02   -14465.788    228.51568  0.036619826 
  995000   -7609.5537   -7608.4908    1.9246869    301.51547    300.33494    6.9513711    24490.059    24490.059 0.00091349057   -15364.652   -15058.651     180.5587  0.035428457 
 1000000   -7610.1434   -7609.8531    1.4938031    293.80857    298.60739    4.8006125    24490.059    24490.059 0.00091349057   -15096.752   -15264.703    233.98668  0.037287563 
 1005000    -7608.487   -7609.4259    1.7087534    304.47261    299.19206    6.0359404    24490.059    24490.059 0.00091349057   -15362.191   -15232.091    136.34367  0.036966108 
 1010000   -7609.4693    -7609.847    1.4356959    303.28684    300.62296    5.2674166    24490.059    24490.059 0.00091349057   -15460.898   -15305.793    298.55876  0.037283014 
 1015000   -7609.1433   -7607.0572    1.7290197    295.20804    300.27395    4.3999756    24490.059    24490.059 0.00091349057   -14951.529    -14767.29    262.10785  0.037243213 
 1020000   -7610.7896    -7609.295      1.60587    298.89093    299.61651     5.073767    24490.059    24490.059 0.00091349057   -15504.297   -15194.221     177.9215  0.035886324 
