"Energy Ave" "Energy Std" "Energy Stdm" "Temp Ave" "Temp Std" "Temp Stdm" "Volume Ave" "Volume Std" "Volume Stdm" "Press Ave" "Press Std" "Press Stdm" "Enthalpy Ave" "Enthalpy Std" "Enthalpy Stdm"
-38657.94982000002 0.015551292383084574 194.26120000000446 0.9949971923999995 0.007675568145273634 0.004872141999999746 128986.29375000022 6.371690114925369 648.1743499999648 1.0088977456500001 69.05869329353236 0.003790557350000112 -38657.86861000002 5.587645779601988 194.26152999998158
-38235.403139999995 2.292465372636815 192.2295400000039 149.2900838500001 1.1462778755721394 0.7186625499999337 129878.14025 74.88992508457714 652.3546499999939 0.42189401495 797.6137228358205 0.8400534511400003 -38235.40633 64.68114852736318 192.1603800000048
-38092.28279 3.0717899905472623 191.4376500000144 199.0324448 1.5478055955223886 0.9900838999999593 130195.48569999999 75.17000536318407 654.1534000000174 0.44757110515 789.5823676119401 0.7806957580999998 -38092.283635 64.35669364179105 191.3767549999975
-37948.477535 4.0457602029850745 190.77526500001477 248.73428265 1.964815566169153 1.2326125500000131 130523.1935 78.58587841293534 655.6362999999837 1.2037313783730001 807.0425101492534 0.04160604996300021 -37948.41967 65.87724734825872 190.7782299999999
-37803.55536 4.7585401800995015 190.07531999999992 298.5364926 2.32155054477612 1.4706057000000499 130861.28854999995 93.47434232587064 657.3667499999137 1.4954798619405003 942.6579649751249 0.006345659540500148 -37803.489695 77.11330105970153 190.08265500000562
-37658.29414499999 5.4844513333333325 189.2331249999952 348.1711727 2.6557060761194036 1.7442991000000347 131207.58999999997 124.01445931343287 659.3110000000088 2.3707021292849992 1222.4088638805968 0.5231197042149999 -37658.194045 99.79554391044782 189.2728550000138
-37511.437015 6.8046848044776125 188.45242499999947 397.96507585 3.203649387064677 2.002295349999997 131565.08505000002 114.97207490547265 661.2811499999661 1.40261691234 1111.1108950248752 0.15203421143999984 -37511.40247000001 91.1194466517412 188.4466900000043
-37363.52037 7.553131617910442 188.20783999999912 447.75346630000007 3.568691875621892 2.109011300000077 131932.36169999998 117.26108217910449 661.8669000000227 1.7182198827950002 1108.9576449751241 0.03667389199499971 -37363.46062000001 91.05866293034823 188.21697999999378
-37214.338065 8.013679149253736 187.39836500001547 497.62898885000016 3.775761506965174 2.403966550000092 132310.03125000006 152.32109208955228 663.6795499999571 2.844423478155 1413.452984278607 0.832567850235 -37214.2359 115.91398916417913 187.46658999999272
-37065.81186 9.413603153233828 186.01374000000578 547.1223529500002 4.2930228761194025 2.813835749999839 132691.354 137.8934305223881 667.4099000000278 1.256385825125 1251.3157513432836 0.8067253764250004 -37065.818795 103.07370455721387 185.97048500000164
-36914.02220499999 9.874375774626863 185.91048500000397 597.0555503999999 4.5934895666666655 2.9007931999999528 133089.16335 130.3029036666667 667.4976499999757 2.3194011794999994 1179.3263677114421 0.4714049112099995 -36913.92726 98.0027639353233 185.96691999999894
-36762.12823999999 10.473638598507453 184.80469999999696 646.8034837500002 5.078500958208955 3.218781149999984 133493.48625 141.96446938805977 670.7454499999876 2.375972052883 1253.4616921890552 0.4369358977170005 -36762.04088 104.17951976616918 184.85505999999805
-36608.79741499999 11.607355690049744 183.9743750000016 696.5185200499999 5.333065277611939 3.450728950000098 133908.76549999998 153.28147274129347 673.0182000000641 1.63190309369 1301.8124561691538 0.31577819059000023 -36608.787725 107.47424537810943 183.9644249999983
-36296.42998999999 13.890260268656716 182.83237000000008 796.10598995 6.19209730049751 3.8388191499999493 134777.25239999994 170.99662833830843 676.5120000000315 2.9775867412649992 1422.7020294029844 0.9489439533650001 -36296.32933 119.08355198507469 182.9279899999965
-36139.833744999996 14.809619985074631 181.609324999994 845.7129057499999 6.673984044776121 4.258208050000064 135221.48165000003 192.644896119403 678.6858500000526 -0.6749832154000022 1537.7758581592038 3.4069400900000026 -36140.072665 127.06424059203985 181.30934500000149
-35977.668025000006 15.363932741293532 181.2406249999949 895.7679303 6.779317120398009 4.480357299999866 135691.59380000003 200.79655736318395 680.2731999999814 7.139980914964996 1585.5173147263683 4.806812740054994 -35977.25486499999 131.55399297014912 181.6536550000019
-35818.194235 16.759964124378104 180.15161499999886 945.3279898000001 7.511454651741297 4.7180892000000085 136155.50985 208.16978207960216 684.0134500000277 4.432355553910002 1619.9753495522384 2.3334977280900007 -35818.02100500002 135.66579731343285 180.35576500000388
-35656.74817500001 17.716947228855716 179.12838500000362 994.7224034999999 7.78627696766169 4.928912300000263 136634.05419999998 194.44221651641806 687.1816000000108 2.0720915606000005 1481.366695671641 0.38739056500000024 -35656.749399999986 124.59776668159203 179.12283999999272
-35491.486000000004 18.331971621890546 178.16725000000952 1044.6007604999995 8.211992021393035 5.263572500000123 137131.01545 194.4819482238807 689.9686499999661 2.5325326003500006 1480.9589306467656 0.13847281515000076 -35491.446339999995 126.11868885572137 178.19253999999637
-35323.897395 20.03342627363184 178.33246500000678 1094.318939 8.394212909452735 5.453681999999617 137642.65484999996 206.38894133333343 687.1695500000205 -0.4092172623000032 1475.952973731342 3.2279595344000036 -35324.11971500001 123.76291887064671 178.08799500000168
-35155.462975 20.607761512437815 175.8043749999997 1143.9521509999997 8.785584990547264 5.947187999999642 138159.1802 192.2065860149254 697.6007999999856 5.969098138804997 1410.4860049751237 3.7310599375049964 -35155.10465499999 121.6628362985075 176.1330149999958
-34809.742385000005 23.960508577114442 174.45800499999677 1243.384357 9.712583137313434 6.3470060000000785 139245.56864999997 220.87376230845777 701.6996499999514 5.865980619200001 1525.650109950248 3.5652931477999994 -34809.42673000001 131.61786598009957 174.79271000000153
-34628.40806500001 25.32314354726368 176.50810499999352 1294.104048 10.267229681592042 6.234830999999758 139829.84980000008 255.02013787562188 690.1563000000315 -0.06632966109999971 1727.3174811442784 2.825004399300001 -34628.675200000005 147.42623852736315 176.2768300000098
-34451.061200000004 26.430621328358217 172.13797999999952 1343.0932745 10.502200508955227 6.906810500000574 140401.42955000003 259.71319483084574 709.8193500000052 5.965900951350001 1677.7603253731345 3.5321147902500005 -34450.79289000001 141.93748784079605 172.4502600000087
-34066.930960000005 29.678955597014934 171.03680999999779 1442.591786 11.168580522388057 7.291967000000227 141699.7695 288.9961925970149 711.7064999999857 -6.2766519833250065 1828.7746515422878 9.071748485245006 -34067.796585000004 157.14734272139304 170.227815000002
-33856.63606499999 27.802712462686564 170.8503550000023 1492.5381655000003 11.44544301044776 7.542597500000511 142440.23985000004 230.82557697512442 710.4119499999797 -3.871592493749999 1513.9781450746261 5.048525345249999 -33857.179435 135.98838674626865 170.42703500000425
-32516.498745000008 28.94944746766169 163.14888500001325 1542.1873584999998 11.903193511940293 7.821464500000161 149035.34289999996 273.81771548756205 752.1784000000334 6.320099893579999 1602.3149143781093 3.3968918958199987 -32516.166395000007 145.8821409353234 163.47395499999402
-32339.059715000003 29.33977201990048 161.92875500000082 1591.9018495 12.14297151791045 8.13529149999988 149624.87110000002 293.2095966467661 753.325600000011 12.07496498443 1762.26379920398 8.954691327249998 -32338.22751499999 162.6181156865672 162.7645350000039
-32163.52788500001 29.86283629353233 162.4973449999943 1641.5300079999995 13.242627084577121 8.356300999999576 150211.68460000004 307.14163895024876 750.5016000000323 5.5914493987 1811.36775 2.802752295199998 -32163.33159 166.09120118407958 162.7729200000049
-31819.964285000002 31.1890764477612 160.7898850000147 1741.3852420000003 13.511131532338311 8.514040000000023 151339.70939999996 266.3033793532339 758.6916999999667 0.98477359311 1534.6025981094529 0.9582385752100001 -31820.108545000003 144.49793106965166 160.74551499999325
-31650.881694999996 31.573171656716415 160.42468499999995 1791.6232624999996 14.325717900497512 8.683264499999723 151898.75485000003 297.0525705024875 756.8263500000321 0.03891486340000405 1768.5980012935322 4.1441912588999985 -31651.190685 167.57513966666662 160.0948550000012
-31319.00140999999 33.19053158208956 157.0849800000051 1890.5561630000002 14.466560398009946 9.573770999999965 152990.78035 322.1452989104478 769.1080499999807 2.0259742033499992 1783.5986350746273 2.0633143668499985 -31319.15073 166.11267924875628 156.92230999999992
-30981.086199999998 37.02622487064676 158.67146999999568 1990.7142015 15.368835293532337 9.492170499999588 154114.26420000003 360.8196855721392 760.281599999973 -4.012487227545001 1937.5730598507453 6.573628260745001 -30981.88385999999 179.4106429850747 158.05991999999605
