"Thermal Exp. Coeff." "Error TEC" Temp "Error Temp"
4.66e-05 6.2014105 75.1425405 0.3593395
4.91e-05 18.5732222 174.1612643 0.611707
5.06e-05 18.6355664 223.8833637 0.7905061
5.2e-05 18.6442952 273.6353876 0.9594288
5.33e-05 18.760481 323.3538326 1.140752
5.47e-05 18.757257 373.0681243 1.3277581
5.61e-05 18.7966466 422.8592711 1.454056
5.74e-05 18.7991702 472.6912276 1.5989828
5.82e-05 19.0259812 522.3756709 1.8504545
6e-05 18.9147359 572.0889517 2.0206603
6.11e-05 19.0347766 621.9295171 2.1665152
6.26e-05 19.1291282 671.6610019 2.3594535
6.51e-05 9.5929365 746.312255 2.5808944
6.64e-05 19.3450391 820.9094478 2.8665689
6.95e-05 19.2325279 870.740418 3.0905476
6.9e-05 19.5040811 920.54796 3.2532279
7.12e-05 19.6750519 970.0251966 3.4115445
7.29e-05 19.5765137 1019.661582 3.6055295
7.5e-05 19.6489083 1069.4598497 3.7897178
7.56e-05 19.8013745 1119.135545 4.0345908
7.91e-05 9.997037 1193.668254 4.3489519
8.27e-05 19.5101967 1268.7442025 4.4485279
8.34e-05 20.3303541 1318.5986612 4.6523421
9.29e-05 10.1880998 1392.8425302 5.0218725
0.0001046 20.3729262 1467.5649758 5.2455591
0.0009326 35.7745217 1517.362762 5.4329109
7.96e-05 21.5819377 1567.044604 5.6426562
7.9e-05 21.6062104 1616.7159287 5.831182
7.52e-05 10.7722622 1691.457625 5.964827
7.35e-05 21.5006127 1766.5042522 6.0804597
7.27e-05 11.0017776 1841.0897127 6.4625106
7.33e-05 10.902736 1940.6351822 6.74089
