"Heat Cap" "Error Heat Cap" Temp "Error Temp"
2.8487949 1.8426319 75.1425405 0.3593395
2.8772799 5.4525984 174.1612643 0.611707
2.8945401 5.4376955 223.8833637 0.7905061
2.9101113 5.4087489 273.6353876 0.9594288
2.927301 5.4060708 323.3538326 1.140752
2.9479829 5.3661869 373.0681243 1.3277581
2.9714126 5.3522844 422.8592711 1.454056
2.991943 5.3296923 472.6912276 1.5989828
2.9987274 5.3400112 522.3756709 1.8504545
3.0418948 5.272777 572.0889517 2.0206603
3.0531194 5.2775143 621.9295171 2.1665152
3.0826319 5.2539617 671.6610019 2.3594535
3.1375272 2.6101492 746.312255 2.5808944
3.1498968 5.2047089 820.9094478 2.8665689
3.2527763 5.1431406 870.740418 3.0905476
3.2129473 5.1822607 920.54796 3.2532279
3.2649766 5.1658791 970.0251966 3.4115445
3.314124 5.0881528 1019.661582 3.6055295
3.3655019 5.0930369 1069.4598497 3.7897178
3.4052815 5.0768139 1119.135545 4.0345908
3.4765187 2.5140686 1193.668254 4.3489519
3.5637348 4.9342281 1268.7442025 4.4485279
3.6310496 5.0808271 1318.5986612 4.6523421
3.8492667 2.4661662 1392.8425302 5.0218725
4.2168652 4.9034226 1467.5649758 5.2455591
27.0097651 7.5871973 1517.362762 5.4329109
3.5792156 4.7108119 1567.044604 5.6426562
3.5241268 4.7116409 1616.7159287 5.831182
3.4372064 2.3274935 1691.457625 5.964827
3.362351 4.5886406 1766.5042522 6.0804597
3.3562137 2.3079751 1841.0897127 6.4625106
3.367347 2.2694842 1940.6351822 6.74089
