"Heat Cap" "Error Heat Cap" Temp "Error Temp"
2.842311 2.778733 50.259018 0.2418534
2.8702218 2.7329975 149.2636714 0.5340359
2.8948537 5.4333249 223.8891581 0.7783825
2.908173 5.4245398 273.5947676 0.9840266
2.9275696 5.3678872 323.4096216 1.1359576
2.9464624 5.3953461 373.1898889 1.2890462
2.9692786 5.3557715 422.8373443 1.4883098
2.9842951 5.3348656 472.5466556 1.6887781
3.0110053 5.2984235 522.3071143 1.8757202
3.0381686 5.2980864 572.0292166 2.0647775
3.0590479 5.2396446 621.825242 2.2372569
3.1037813 5.2439432 671.7221358 2.3784663
3.0982514 5.2457179 721.4457696 2.5461108
3.1622605 5.2276165 771.0547245 2.7341528
3.1775006 5.177412 820.8350797 2.9096121
3.190899 5.1603352 870.7611482 3.1022192
3.25452 5.1748241 920.4835687 3.2634965
3.2397834 5.1303638 970.1482968 3.4121553
3.3196752 5.1117549 1019.8491239 3.6420894
3.3500419 5.0843153 1069.5406638 3.794531
3.4126332 5.0766247 1119.2418523 3.9315331
3.4598094 5.043041 1168.882601 4.1819269
3.4495017 4.9816454 1218.577921 4.4422614
3.6199364 4.9103608 1268.722883 4.5403635
3.6173017 5.0262431 1318.673681 4.6309025
3.9141519 5.0465936 1367.9760985 4.8456171
3.7170709 4.9076788 1417.6140042 5.0099217
4.0955131 4.8816284 1467.5868412 5.2214545
27.1831636 7.6671352 1517.4051173 5.5120447
3.4103621 4.6979472 1567.041351 5.7060459
3.578149 4.6251174 1616.815596 5.8399333
3.4392276 1.5437704 1716.068742 6.2418225
3.3637024 1.5201039 1865.1149715 6.6164633
3.2830679 4.5576674 1964.5763302 7.0547004
