"Energy Ave" "Energy Std" "Energy Stdm" "Temp Ave" "Temp Std" "Temp Stdm" "Volume Ave" "Volume Std" "Volume Stdm" "Press Ave" "Press Std" "Press Stdm" "Enthalpy Ave" "Enthalpy Std" "Enthalpy Stdm"
-38657.949230000006 0.015536646945273628 194.26171000002796 0.9950330729000004 0.007718025333830847 0.004803341799999861 128986.29540000018 6.079254099502487 648.173400000007 1.0226483847500005 65.89333339303482 0.016042185849999835 -38657.866805 5.331536874129356 194.2629449999913
-38377.91424500001 1.5463212587064668 192.89746500000547 99.52300289 0.7723908579104475 0.4836830099999929 129571.90729999999 53.848879199004955 651.0156999999817 1.4119161362100003 583.5210829850745 0.23047962811000045 -38377.819670000004 47.31437811940299 192.91735999999946
-38092.330434999996 3.1846340736318424 191.57541500000298 199.00434 1.5499087577114417 0.9522751999999031 130195.35329999996 74.28157260696516 653.8714999999866 1.003195654475 776.0981921393029 0.35061763497500026 -38092.28616999999 63.080603248756205 191.55534000000262
-37948.30107999999 3.8357838905472645 190.7883400000028 248.77397619999996 1.9024948766169165 1.2315393000000086 130523.70354999998 93.83498137810952 655.595750000015 1.8002052682999996 958.1662421393038 0.34595433804999953 -37948.21035499999 77.92902506467662 190.81483500000104
-37803.90140000002 4.919436481592038 189.92312999999922 298.415559 2.3383940477611938 1.5351039999999898 130860.53844999996 95.35252450746272 657.6497500000114 1.404477133602 957.326701840797 0.10754274566200028 -37803.844045000005 78.13347439800995 189.92139499999394
-37657.566139999995 5.5862949776119395 189.42286999999854 348.40368419999993 2.6856811218905476 1.6748295999999812 131209.63410000002 116.15398800000006 658.8321000000287 1.8049110918 1143.1294053233835 0.1488456684999997 -37657.50033000001 93.2783867711443 189.4385000000002
-37511.501225 6.405284353731342 188.6386750000056 397.9760936 3.01769930845771 1.9599761999999998 131565.07625000004 122.50123119402983 660.644150000051 1.8657006993678997 1176.5095711442784 0.19596556583209934 -37511.43708999999 96.16923066666662 188.65409
-37363.85515499998 7.214170477114426 187.73080500001015 447.6985950500001 3.4625602079602005 2.2402582499999824 131931.49550000002 120.0188953731344 663.0905000000348 1.74538515006 1124.5133222388054 0.021203992460000265 -37363.79712999999 91.79145262686566 187.74574000000212
-37215.52578 8.128687311442782 186.9204499999978 497.39471615000014 3.9216997248756233 2.5276725500000623 132306.05110000004 108.19806635373132 665.1028000000515 1.3237068693450003 1012.1634772139305 0.20833828145499966 -37215.48924 83.7356724378109 186.92159000000538
-37065.341864999995 9.046892777611937 186.24246500000663 547.2195124500001 4.284121527860695 2.77203465000008 132693.22325000004 154.94530791044775 666.4548500000237 0.15520713706999956 1418.9188049751249 1.9555762788700002 -37065.466515 116.89812860696522 186.0778449999998
-36914.587890000024 10.148531384577124 185.4626099999914 596.8389207999999 4.732950148756221 3.0608900000001427 133087.60839999997 155.57974328358208 668.7483999999822 0.10222421115599989 1397.6067268656711 2.2114263598560004 -36914.71438500001 115.65754437810934 185.27730500001053
-36761.74719499999 11.400656945771145 184.62769499999195 646.8115632499998 5.0513965965174155 3.263774949999913 133495.36335 166.93314059203976 671.224350000004 0.5823808451750013 1426.0491310447762 1.539430601074999 -36761.84568 116.50968680597019 184.5116999999991
-36607.298675 12.06961633034826 184.32436500000767 696.6327084499999 5.458716817910445 3.4606618500001787 133915.24514999997 163.8189315771143 671.725249999974 2.7573639069139997 1401.2790843781092 0.35939391698600054 -36607.21174 116.23467390049741 184.37418999998772
-36453.29935499999 13.573109399004982 183.27042500000243 746.2588307999997 5.664291834328361 3.735577699999851 134339.47150000004 189.69693720398 674.1399999999703 0.27562051733849935 1557.1827366666666 2.1482848653385007 -36453.457534999994 127.58152676616916 183.10150500000236
-36296.739210000014 13.382407190049754 182.63144000000102 795.85061825 6.055255689054726 3.9934728500002734 134778.35064999998 154.45723155223885 676.0672499999782 2.6462578758699995 1267.4143310945271 0.8377614504299989 -36296.635385 105.77822921890552 182.71219499999643
-36138.223600000005 15.015755258706468 181.85003000000142 845.8195412 6.525485964179105 4.232675899999833 135228.51605000003 197.4776169651742 678.7656500000157 6.5522455508 1585.7563494527355 4.3870446075 -36137.8591 131.2090827363185 182.22256000000198
-35978.66383 15.389265678109451 180.75124000001233 895.7027552499999 7.073106837313435 4.5364646499998 135687.50540000002 153.72561797014924 681.5594999999739 1.1114252411 1204.1622421393035 0.6299864145999998 -35978.68680000001 101.262791880597 180.73463999999512
-35817.90174500001 17.785737975124384 180.19830499999443 945.26438225 7.2615467865671635 4.692773750000015 136157.8884 216.38888258706467 684.2318999999989 8.554329108905002 1633.878734577115 5.922229893195001 -35817.387495 135.27846884577113 180.72632499998508
-35655.86466000001 17.77525383084578 179.28729999999996 995.0322112500005 7.556579566666667 4.95470384999993 136637.40920000005 210.312981313433 685.8637999999773 -0.9905492805000016 1572.6395556218904 3.405114514100001 -35656.15050999999 130.56023845273637 179.0002400000085
-35491.76243 19.527467641791045 177.81212999999843 1044.6660365 8.122652036318406 5.339491500000349 137127.7155 241.25321466169152 692.1057999999757 7.4002219271649965 1746.289359900498 4.198036297834997 -35491.382330000015 144.42819623880587 178.17398999999568
-35324.34155 19.17569684577114 178.1035899999988 1094.4152910000003 8.420683469651744 5.3929299999999785 137640.53704999998 217.4254688955224 688.9876500000391 -1.9879608884999975 1574.07833442786 4.655215671699999 -35324.720245 132.09443601990054 177.72665500000585
-35154.832525 20.851953052736324 177.19837499999267 1144.0684135000001 8.855711686567167 5.7222475000003215 138162.29559999998 241.92744740298502 691.2948000000033 -2.110642553632451 1761.5712721890538 5.464307597567553 -35155.27235 148.5176051044777 176.72749000000113
-34983.38123500001 21.9348373283582 175.0308049999985 1193.6967884999997 9.014730825373142 6.099994499999639 138700.33065 241.2044002935325 698.9174500000663 0.720542829750001 1721.6462747263677 2.1972118077499996 -34983.567630000005 146.1230562437811 174.8401200000153
-34811.29660499999 22.360946776119402 173.6947349999973 1243.4590535000002 9.585433750746263 6.459474500000056 139237.4302 227.1448365174131 704.3822999999829 -4.580572091165003 1603.9403865671652 7.308960040135002 -34811.91261 137.62462582089557 173.04647000001205
-34628.84901500001 23.16549280099503 174.9181249999965 1293.9867125 10.241139200000006 6.382381500000633 139826.51325 204.8620803383084 698.9177500000224 0.26701417247500014 1458.4614276119412 2.4205850232249997 -34629.0057 127.70168163681583 174.73542000000452
-34450.274045 24.260461218905487 172.9826050000047 1343.3606494999995 10.321434606965177 6.711649499999908 140405.7112 227.1138110114427 705.3037000000186 0.902981852645 1556.248408905472 0.0669560115549997 -34450.405275000005 135.92897677114425 173.00627499998518
-34257.93808500001 27.464767343283565 173.9141349999918 1392.5915475000002 10.966239353233837 6.990978500000097 141058.7747 276.7514902338308 698.819800000012 5.905249905424999 1789.175169004975 3.454866156435 -34257.708060000004 152.6925687711443 174.2311500000069
-34071.329880000005 27.022133029850743 169.2917899999993 1442.6364609999996 11.318949119402992 7.177986000000146 141673.63085000002 208.47509763681595 723.7685500000371 -2.2582783979999994 1365.6920778606964 3.1322111534999992 -34071.687569999995 123.35293090547262 169.04986999999892
-33867.529205000006 28.501538124378122 169.81357499999285 1492.5372215 11.431885259701483 7.584910499999751 142380.88985000004 237.89824547761188 718.3677500000049 4.6794939323 1537.7567390547254 2.8405594239000007 -33867.31835 136.7680449651741 170.09536000001026
-32515.431829999994 28.155261606965183 163.00398000000314 1542.2730130000002 12.068558227363175 7.999979999999823 149040.10624999995 298.80008284577104 750.7172500000015 4.355256577515002 1771.1332665671644 3.4861672924850016 -32515.342195000005 160.1787283781094 163.3372050000071
-32345.480990000007 26.464558278606955 162.07412999999724 1591.809689 11.993661626865675 8.13855999999987 149593.85804999998 265.0054777860699 753.8093500000105 -7.1886815918299956 1605.9853312935327 10.079883059369996 -32346.40419499999 149.1414918457711 161.13708499999666
-32168.180844999988 33.77422097014925 159.8928750000032 1641.8215030000001 12.820434840796029 8.37753700000053 150184.58334999997 349.6728563880593 764.2820499999361 11.853737528279998 1883.808079950248 7.8721932408200015 -32167.454475 167.3298740696518 160.60135500000797
-31656.201880000004 35.95566281094528 158.33663999999408 1790.3159810000002 14.089583383084566 9.255174999999895 151878.13150000002 350.6957984228857 765.1694999999745 -1.5699934580630004 1934.4942716915423 5.022994022237001 -31656.74817 176.54814183084582 157.84636999999384
-31153.514534999995 35.555509497512425 157.63573500000894 1939.913962 15.459440651741302 9.457911000000308 153535.03700000004 327.9144580248756 767.0741000000271 3.2064836473644993 1774.299006616916 1.5202501733045004 -31153.545084999998 166.12717484577112 157.5310449999979
-30991.87322 33.20831183084576 153.3666200000025 1989.2386984999996 15.335565636815927 10.470105500000045 154064.39865000002 318.3906723019901 782.5201500000258 6.304643378364503 1822.7073068656716 1.217877048635502 -30991.608625000008 173.68463910447755 153.54430499999216
