"Thermal Exp. Coeff." "Error TEC" Temp "Error Temp"
4.61e-05 9.3240207 50.259018 0.2418534
4.84e-05 9.2753718 149.2636714 0.5340359
5.07e-05 18.6055691 223.8891581 0.7783825
5.2e-05 18.7081764 273.5947676 0.9840266
5.34e-05 18.6250328 323.4096216 1.1359576
5.46e-05 18.824913 373.1898889 1.2890462
5.6e-05 18.8301497 422.8373443 1.4883098
5.71e-05 18.9053465 472.5466556 1.6887781
5.87e-05 18.9063915 522.3071143 1.8757202
5.99e-05 19.0390239 572.0292166 2.0647775
6.13e-05 18.9745981 621.825242 2.2372569
6.31e-05 19.077383 671.7221358 2.3784663
6.38e-05 19.1969342 721.4457696 2.5461108
6.59e-05 19.2767785 771.0547245 2.7341528
6.68e-05 19.2009227 820.8350797 2.9096121
6.8e-05 19.3169699 870.7611482 3.1022192
6.99e-05 19.5261907 920.4835687 3.2634965
7.08e-05 19.5113279 970.1482968 3.4121553
7.23e-05 19.6849239 1019.8491239 3.6420894
7.52e-05 19.6930529 1069.5406638 3.794531
7.63e-05 19.7269183 1119.2418523 3.9315331
7.85e-05 19.8922487 1168.882601 4.1819269
7.78e-05 20.0335876 1218.577921 4.4422614
8.37e-05 19.7501059 1268.722883 4.5403635
8.39e-05 20.2308255 1318.673681 4.6309025
9.45e-05 20.3362002 1367.9760985 4.8456171
8.71e-05 20.2535021 1417.6140042 5.0099217
0.0001 20.649851 1467.5868412 5.2214545
0.0009404 36.2996434 1517.4051173 5.5120447
7.5e-05 21.6302019 1567.041351 5.7060459
7.9e-05 21.6411076 1616.815596 5.8399333
7.59e-05 7.346071 1716.068742 6.2418225
7.29e-05 7.30866 1865.1149715 6.6164633
6.99e-05 22.4268665 1964.5763302 7.0547004
