Step TotEng v_varAveEnergy v_energySTD Temp v_varAveTemp v_tempSTD Volume v_varAveVolume v_volumeSTD Press v_varAvePress v_pressSTD c_MSD[4] 
  380000   -7598.3427   -7594.9152    1.1231694    292.73739    300.83967     3.822272    24637.294    24637.294 0.0017605231    -23100.03   -22788.139    126.02022 1.2621774e-29 
  385000   -7591.3712   -7593.2087    1.1828301    305.52501    301.21535    4.4197961    24637.294    24637.294 0.0017605231   -22470.145    -22562.31    97.173376  0.029435807 
  390000   -7596.5196    -7594.387    1.6750006    293.05401    299.63197    5.4294432    24637.294    24637.294 0.0017605231    -22830.34    -22715.07    316.19357  0.033947403 
  395000   -7592.2194   -7594.7832    2.0246874    301.18467    299.40524    5.1059467    24637.294    24637.294 0.0017605231   -22340.956   -22743.702    314.77304  0.035575044 
  400000   -7592.4294   -7595.7006    1.8392891     310.9308    300.76024    5.8130033    24637.294    24637.294 0.0017605231   -22626.856   -22924.991    135.58963  0.035784896 
  405000   -7596.0405   -7595.6915    1.0770917    304.24187    299.75798    5.0247638    24637.294    24637.294 0.0017605231   -23191.493    -22907.81    115.83034  0.035567025 
  410000   -7596.4795   -7596.9064     1.133591    298.79334    297.79461    4.0441147    24637.294    24637.294 0.0017605231   -22985.851   -22992.694    195.97222  0.034754161 
  415000    -7595.816   -7595.9699     1.257762    299.02589    300.47173    4.8544343    24637.294    24637.294 0.0017605231   -22789.143   -22943.796    116.49698  0.036478059 
  420000   -7594.1937   -7593.7244    1.4120723    297.90906    298.34062     4.927375    24637.294    24637.294 0.0017605231   -22489.031   -22419.798    167.40081  0.038463783 
  425000    -7594.363    -7595.131    1.0444019    302.87395    298.90481    4.0489062    24637.294    24637.294 0.0017605231   -22816.585   -22771.341     69.30956  0.038145393 
  430000   -7594.5532   -7595.1551    1.4985189    301.65803    298.80894    5.6800622    24637.294    24637.294 0.0017605231   -22707.506   -22730.933     121.3731  0.035475887 
  435000   -7588.9308   -7594.4766    1.7757786    318.59275    298.92459    5.5162177    24637.294    24637.294 0.0017605231   -22360.034   -22664.703    196.86351  0.036151444 
  440000   -7595.0252   -7593.9588    1.9612607    293.27972    299.66402    5.2247206    24637.294    24637.294 0.0017605231    -22386.53   -22497.667    259.38212  0.037496511 
  445000   -7595.4421   -7593.0981    1.8585349    295.56122    301.12938    5.0041857    24637.294    24637.294 0.0017605231   -22662.318   -22368.897    309.95344  0.037901075 
  450000   -7592.0724   -7595.2172    1.5202315    307.17184    298.57834    5.4621671    24637.294    24637.294 0.0017605231   -22412.449   -22734.557    130.50831  0.036861199 
  455000   -7592.0152   -7594.0792    1.6552474    307.73301    300.28647    5.9456657    24637.294    24637.294 0.0017605231   -22423.604   -22499.526    138.84994  0.037134495 
  460000   -7597.9449   -7594.8768    1.9521446    292.67908    302.51231    6.6215217    24637.294    24637.294 0.0017605231   -23131.805   -22934.238    452.88944   0.03693514 
  465000   -7594.8769   -7594.8451    1.7490912    296.16822    299.62352    4.0532738    24637.294    24637.294 0.0017605231   -22606.362   -22762.545    251.48564    0.0368181 
  470000   -7594.9032   -7594.0757    1.6429411    288.75415    299.43855    5.4029517    24637.294    24637.294 0.0017605231   -22298.156   -22579.465    211.89242  0.039692519 
  475000    -7596.588   -7593.8446    1.8050537    293.72811    301.90503    5.7250597    24637.294    24637.294 0.0017605231   -22851.273   -22680.331    148.08364  0.037123763 
  480000   -7591.9245   -7594.0775    1.3355256    302.70214    299.34299     4.117147    24637.294    24637.294 0.0017605231   -22217.146   -22522.963    197.07233  0.040154468 
  485000   -7592.6105   -7594.6915    1.2805849    303.08848    298.07987    3.6741739    24637.294    24637.294 0.0017605231   -22407.231   -22608.838    150.70443  0.038269742 
  490000   -7595.5384   -7593.2168    1.1355465    288.60662    300.41387     4.233592    24637.294    24637.294 0.0017605231   -22278.591    -22401.93    181.86308  0.037156715 
  495000   -7594.0817   -7594.9044    1.1403395    303.01812    299.30732    4.4126102    24637.294    24637.294 0.0017605231   -22682.943   -22724.491    130.60271  0.037775388 
  500000   -7595.2886   -7597.7091    1.5775836    303.49963    297.99122    6.3199929    24637.294    24637.294 0.0017605231   -22981.397   -23246.318    87.395536   0.03873555 
  505000   -7592.0313   -7593.7612    1.4392731    305.75052    300.53862     5.605309    24637.294    24637.294 0.0017605231   -22377.412   -22537.163    97.732394  0.040113562 
  510000    -7596.494   -7594.5061     1.320691    291.56924    301.11756    5.1507168    24637.294    24637.294 0.0017605231   -22710.462   -22690.907    161.85927  0.040045235 
  515000   -7593.3633   -7594.5357    1.6670359    304.38244    299.72121    5.3355898    24637.294    24637.294 0.0017605231    -22634.05   -22651.533    189.78049  0.039525588 
  520000   -7593.9143   -7593.9065   0.95675415    306.57651    301.85359    3.8030006    24637.294    24637.294 0.0017605231   -23003.625   -22718.039    167.77438  0.038518065 
  525000   -7595.3393   -7594.1939    1.4118885    296.77576    300.34161    4.8314493    24637.294    24637.294 0.0017605231   -22669.878   -22558.221     110.7477  0.037252831 
  530000    -7596.529   -7595.7872    1.5787256    296.72552    298.80934    5.5920598    24637.294    24637.294 0.0017605231   -22926.309   -22872.225    104.88464  0.036938115 
  535000   -7592.4618   -7594.3473    1.4422993    308.54064    301.18518    5.3849578    24637.294    24637.294 0.0017605231   -22650.244   -22682.529    109.40863  0.036686271 
  540000   -7595.5103   -7594.0601    1.4189485    293.57176     300.9461    5.1985135    24637.294    24637.294 0.0017605231   -22524.462   -22562.454    156.14327  0.036809028 
  545000   -7596.1234   -7594.0773    1.7034073    289.72819    300.06612    6.1731789    24637.294    24637.294 0.0017605231   -22460.679    -22511.81    203.27549  0.037902376 
  550000   -7592.9733   -7592.7843    1.4606506    302.91541    300.81536    4.6393375    24637.294    24637.294 0.0017605231   -22572.908   -22403.285    228.74249  0.038647839 
  555000   -7594.7814   -7594.5367    1.7328357    296.60301    302.38047    7.1201655    24637.294    24637.294 0.0017605231     -22523.6   -22876.171    191.64299  0.038343694 
  560000   -7591.1974   -7591.3986    1.6032254    307.16221    302.40706    5.6591309    24637.294    24637.294 0.0017605231   -22403.389   -22129.108    181.83684  0.038616247 
  565000   -7590.3448   -7590.5756    1.6622118    301.04202    304.13012    5.3808356    24637.294    24637.294 0.0017605231   -21834.049   -21998.981    189.89333  0.040192916 
  570000   -7595.7542   -7594.0465    1.3426035    290.96329    299.08693    4.6087255    24637.294    24637.294 0.0017605231   -22515.185   -22592.808    146.03875  0.038417622 
  575000    -7594.947   -7592.8388    1.8579653    301.06063    302.26817    4.5605534    24637.294    24637.294 0.0017605231   -22787.881   -22446.639    235.45316   0.03688001 
  580000   -7596.6785     -7593.64    1.1571762     290.2314    299.39647    5.4238049    24637.294    24637.294 0.0017605231   -22829.994   -22580.619    257.32395  0.037082138 
  585000   -7593.5963   -7594.1429    1.1604636    305.04963    301.14859    4.2075821    24637.294    24637.294 0.0017605231   -22718.974   -22627.566    107.27863  0.036792128 
  590000   -7592.2663   -7595.4424    1.2392739    313.41749    300.58507    4.6883998    24637.294    24637.294 0.0017605231   -22813.909    -22908.76    129.36871  0.037246884 
  595000   -7598.6349   -7595.3883    1.7908915    295.92451    301.12727    4.8753305    24637.294    24637.294 0.0017605231   -23397.856   -22933.093    280.34064  0.038098795 
  600000   -7595.5728   -7596.2371    1.2000025    300.34695    301.38891    4.5357924    24637.294    24637.294 0.0017605231   -22836.402   -23080.633    144.29547  0.036175259 
  605000   -7595.1596   -7594.0768   0.85437682    298.24951    300.08385    3.4040449    24637.294    24637.294 0.0017605231   -22843.276   -22571.358    188.18784   0.03667181 
  610000   -7595.4152    -7593.753    2.0842269    302.54188    301.73374    5.0271543    24637.294    24637.294 0.0017605231   -22814.896   -22484.177     273.8794  0.037813244 
  615000   -7589.9126   -7593.6532     1.645339     314.7944    301.63308    6.6956179    24637.294    24637.294 0.0017605231   -22354.378   -22533.961    77.434426  0.038885049 
  620000   -7592.6268   -7594.0244    1.3812249    304.53815    298.62844     4.634327    24637.294    24637.294 0.0017605231   -22470.799   -22550.169     148.7825  0.037906362 
  625000   -7593.8303   -7592.4514    1.7676203     299.4826    304.39649    6.0542337    24637.294    24637.294 0.0017605231       -22558   -22459.839    186.88701  0.039100357 
  630000   -7596.1154   -7594.7993    1.7575626    299.21561    299.94642    5.1016577    24637.294    24637.294 0.0017605231   -22966.917   -22718.476    207.41298  0.039080736 
  635000   -7595.2448   -7595.8176    1.1128369    304.09168    297.11724    5.1292053    24637.294    24637.294 0.0017605231    -23034.87   -22854.889    183.45789  0.037864055 
  640000   -7598.4995   -7594.8593      2.53226    292.97948    299.23803    6.3631979    24637.294    24637.294 0.0017605231   -23263.624   -22722.949    328.61205  0.038283026 
  645000   -7594.3225   -7593.8257    1.0571704     303.9052    299.24516    3.9783992    24637.294    24637.294 0.0017605231    -22799.02   -22484.655    124.79848  0.039740195 
  650000   -7593.1762    -7594.173    1.5762887    300.80171     300.1039     5.665965    24637.294    24637.294 0.0017605231   -22368.819   -22593.375    183.81418  0.039997308 
  655000   -7593.1411   -7594.7306     1.414943    302.96112    301.43753    4.9597311    24637.294    24637.294 0.0017605231    -22569.77   -22838.412    224.48728  0.038511894 
  660000   -7592.6709   -7595.6837    1.3027435    309.93252    298.63207     4.781214    24637.294    24637.294 0.0017605231   -22711.637   -22882.407     147.8878  0.039131817 
  665000   -7593.6909   -7595.7422    1.4207557    305.84625    300.44318    3.9183174    24637.294    24637.294 0.0017605231   -22780.601   -22936.529    285.21796  0.038628595 
  670000   -7594.2038   -7594.3128    1.4158832    301.27609    300.65614    5.0881282    24637.294    24637.294 0.0017605231   -22628.749   -22592.708    171.07768  0.038533433 
  675000   -7594.3208   -7594.2124    1.7217341     306.2599    299.42382    6.0744262    24637.294    24637.294 0.0017605231    -23053.59    -22674.92    187.83876  0.039186456 
  680000    -7594.599   -7594.2916    1.2530663    299.13121    301.33285    4.8409813    24637.294    24637.294 0.0017605231   -22557.687   -22649.067    166.50108  0.039666142 
  685000   -7593.0872   -7594.8349    1.8803895    303.58183    300.87502    5.7317391    24637.294    24637.294 0.0017605231   -22489.575   -22714.656    209.75489  0.040442837 
  690000   -7591.6127   -7592.4023    1.3733916    304.66338    300.16043    5.4348132    24637.294    24637.294 0.0017605231   -22233.285   -22219.104    196.86785  0.039797962 
  695000   -7595.2639    -7592.787      2.59241    295.63723    301.80583    6.2957784    24637.294    24637.294 0.0017605231   -22651.759   -22374.151    382.77518  0.040238318 
  700000   -7591.5123   -7593.5004    1.3879244    303.61978    300.31902    4.5400936    24637.294    24637.294 0.0017605231   -22239.185   -22527.551    236.16411  0.039740895 
  705000   -7594.8145   -7594.1313    1.3046032    295.68611    299.25059    5.0008061    24637.294    24637.294 0.0017605231   -22494.587   -22508.826    197.83589  0.038464825 
  710000   -7597.9293   -7597.2272    1.0339794      301.201     298.1852    4.1122732    24637.294    24637.294 0.0017605231   -23550.582   -23129.528    141.25794  0.037987107 
  715000   -7592.0056   -7593.7639    1.3470816    309.22016     299.8362    5.4363768    24637.294    24637.294 0.0017605231    -22568.64   -22482.044     121.3483  0.037728891 
  720000   -7596.2312   -7593.2528    1.9172315    296.98862    302.22679     7.011964    24637.294    24637.294 0.0017605231   -22963.069   -22550.732    144.08185  0.038577272 
  725000   -7588.0833   -7593.0014    2.0106132    309.71109    300.99896     4.490785    24637.294    24637.294 0.0017605231   -21785.308   -22465.349    267.31692  0.038248463 
  730000   -7595.1137   -7595.0149    1.6004245    299.54596     301.6262    6.2791054    24637.294    24637.294 0.0017605231   -22881.933   -22926.726    121.88683  0.037431155 
  735000   -7594.4549   -7593.1827    1.4629777    293.36332    300.40213    6.4448123    24637.294    24637.294 0.0017605231   -22331.627   -22330.589    102.80975  0.038102491 
  740000   -7594.0999   -7594.4873    1.6007358     297.2073    296.94519    4.5393488    24637.294    24637.294 0.0017605231   -22553.996   -22613.314    227.22683   0.03852563 
  745000   -7592.5003   -7593.1101    1.4530034     301.5633    302.22005    5.3118714    24637.294    24637.294 0.0017605231   -22315.529   -22518.795    114.38649  0.040172156 
  750000   -7595.3718   -7595.6198    1.4305239    296.61832    300.39132    5.3655721    24637.294    24637.294 0.0017605231   -22753.351   -22989.255    172.50675  0.038870198 
  755000   -7595.0488   -7594.8083    1.4245748    298.37553     301.3304     5.432873    24637.294    24637.294 0.0017605231   -22846.083   -22925.938    107.76323  0.038488826 
  760000   -7593.3324   -7594.9435    1.6027502    301.59215    298.60898    5.3131275    24637.294    24637.294 0.0017605231   -22556.219   -22765.812    190.48988  0.037864464 
  765000   -7594.8333   -7594.9706    1.2863595    302.63746    297.93465    5.2901864    24637.294    24637.294 0.0017605231   -22893.277   -22718.473    136.01937  0.037572447 
  770000   -7595.4102   -7595.4855    1.9698745    301.78212    300.61988    5.5060297    24637.294    24637.294 0.0017605231   -22943.904   -22865.731    227.62836  0.038062529 
  775000   -7591.8477   -7591.8105    1.1103285    301.02507     300.0141    3.7978304    24637.294    24637.294 0.0017605231   -22101.819   -21981.848    131.29818  0.040541394 
  780000   -7592.5492   -7594.1044     1.396172    301.34328    299.51697    4.3540742    24637.294    24637.294 0.0017605231    -22321.67     -22589.1    215.75934   0.03985041 
  785000   -7594.0508   -7594.6983    1.1833783    302.13917    300.75175    4.6794005    24637.294    24637.294 0.0017605231   -22702.945   -22735.656    106.63442  0.037815398 
  790000   -7595.5909   -7594.6286     1.383524    293.49931    301.23617    5.1731907    24637.294    24637.294 0.0017605231    -22610.76   -22762.038    171.31042   0.03777073 
  795000   -7594.3981   -7595.7085    1.2939926    300.60449    296.84276    4.9768709    24637.294    24637.294 0.0017605231   -22811.045   -22847.098    119.84444  0.039029737 
  800000   -7591.7572   -7593.8473    1.5819315    299.38173    296.68304    4.6443483    24637.294    24637.294 0.0017605231   -22079.357   -22396.999    207.89069   0.03951691 
  805000   -7593.0184    -7594.861    2.3548625    296.26446    296.20514    5.6999428    24637.294    24637.294 0.0017605231   -22166.195    -22569.84    353.00771  0.040129643 
  810000   -7594.6192   -7592.1103    2.1560058    296.16234    301.31997    6.7302358    24637.294    24637.294 0.0017605231   -22499.707   -22201.771    194.11669  0.038844029 
  815000   -7592.3055   -7594.9717    1.7334949    308.64536    300.19288    5.9351433    24637.294    24637.294 0.0017605231   -22530.579   -22719.336     180.5802  0.039342917 
  820000   -7597.2337   -7595.9198    1.1649485    295.52755    300.46138    4.0157576    24637.294    24637.294 0.0017605231   -23145.156   -22981.668    149.16805  0.038092615 
  825000   -7594.3273   -7596.1852    1.8950628    301.31366    298.63624    6.1339087    24637.294    24637.294 0.0017605231   -22546.551   -22904.048    203.79121  0.038036123 
  830000   -7596.8462   -7597.3747    1.3824082    298.63252    298.56269    4.5681115    24637.294    24637.294 0.0017605231    -23067.08   -23253.329    158.50709  0.037726842 
  835000   -7592.4744   -7592.7648    1.1105156    304.37353    301.26117    5.0720341    24637.294    24637.294 0.0017605231   -22351.562   -22295.535    183.59878   0.03831265 
  840000   -7598.8912   -7596.1809    1.9270262    288.83077    298.53282    4.9031922    24637.294    24637.294 0.0017605231    -23190.42   -23059.403    275.99367  0.037672994 
  845000   -7598.0607   -7596.2862    1.2130676    292.38289     299.1219    4.2534832    24637.294    24637.294 0.0017605231   -23141.061   -23068.477    101.19047  0.038149522 
  850000   -7594.3478   -7592.4434    1.2703897    302.26632    303.02844    4.5889969    24637.294    24637.294 0.0017605231   -22793.643    -22417.45    123.08408  0.038002993 
  855000   -7591.0987   -7593.4939    1.5466437    306.47292    299.10682    4.7601481    24637.294    24637.294 0.0017605231   -22190.979   -22452.326    298.76353   0.03796197 
  860000   -7595.0142    -7593.675    1.5491012     290.9211    299.23216    5.2935518    24637.294    24637.294 0.0017605231   -22426.391   -22526.806    273.89074  0.037701691 
  865000   -7595.7671   -7595.7218    1.7533911    300.67554    299.32752    5.7979162    24637.294    24637.294 0.0017605231   -22976.316   -22961.193    162.92873  0.037913291 
  870000   -7594.2835   -7594.9176    1.8712509    297.00723    300.27435    7.3405002    24637.294    24637.294 0.0017605231   -22407.933   -22663.078    142.75047  0.038524118 
  875000   -7598.3828   -7596.7479    1.4716354    295.01558    300.15815    5.1699771    24637.294    24637.294 0.0017605231    -23285.64   -23151.006    100.36871  0.037044674 
  880000   -7595.3482   -7593.6636    1.1760486    298.15685    300.15969     3.284414    24637.294    24637.294 0.0017605231   -22800.436   -22530.636     159.3311   0.03890161 
  885000   -7593.4419   -7592.5205    1.4240342    300.39814      300.992    5.1922006    24637.294    24637.294 0.0017605231   -22483.572   -22321.695    103.04043  0.038499173 
  890000   -7591.9136   -7592.6204    1.3650481    308.01718    298.25144    4.6805781    24637.294    24637.294 0.0017605231   -22600.025   -22287.287    174.54605  0.038230389 
  895000   -7593.1491   -7594.4546    1.8136357    297.95507    302.22704    4.4951014    24637.294    24637.294 0.0017605231   -22271.241   -22812.124    398.21655  0.036962502 
  900000   -7594.8804   -7594.3857    1.1388949     297.8604    299.57184    4.9731043    24637.294    24637.294 0.0017605231   -22713.236   -22669.088    88.648425  0.038817192 
  905000   -7597.5663   -7596.3615    1.8480889    296.78434    300.32987    5.7347503    24637.294    24637.294 0.0017605231   -23213.566   -23062.839    240.75274   0.03679824 
  910000   -7592.9181   -7593.9393    1.4225968    303.51622    301.88191    4.5131734    24637.294    24637.294 0.0017605231    -22489.06   -22684.367    164.80611  0.039743451 
  915000   -7592.2039   -7594.0349    1.4573799     306.8483    300.42142    4.7140765    24637.294    24637.294 0.0017605231   -22436.588   -22541.936    210.54672  0.038141819 
  920000    -7595.638   -7595.3011    1.2836547    298.03667    299.27041    5.0209026    24637.294    24637.294 0.0017605231   -22738.843   -22788.848     131.5456   0.03798699 
  925000   -7597.8931    -7595.298    1.1573398    290.99543    300.59195    4.2005397    24637.294    24637.294 0.0017605231   -22974.822   -22838.709    152.02212  0.039387596 
  930000   -7594.4868   -7595.2752    1.2861665    299.63727      300.514    3.7591499    24637.294    24637.294 0.0017605231   -22633.868   -22876.161    144.20558  0.040101884 
  935000   -7593.3093   -7594.0916    1.4745729    301.05426    300.03957    5.4277845    24637.294    24637.294 0.0017605231     -22414.3   -22549.177    188.64123  0.039082988 
  940000   -7592.4747   -7591.1242    1.5055205    300.27031    302.88041    5.6038369    24637.294    24637.294 0.0017605231   -22331.592   -22122.437    136.76304  0.039697654 
  945000    -7593.358   -7594.4147    1.0141746    303.03258    301.04876    3.7038229    24637.294    24637.294 0.0017605231   -22599.741   -22697.404    72.840988   0.03804194 
  950000   -7594.9569   -7594.1069    1.4067029    297.67612    299.44764    5.3854757    24637.294    24637.294 0.0017605231   -22728.449   -22666.047    124.65632  0.037517993 
  955000   -7592.9884    -7593.477   0.96151357    299.84939    298.49985    4.6376793    24637.294    24637.294 0.0017605231   -22287.338   -22386.194    107.02775  0.037603193 
  960000   -7593.7708   -7593.0776    1.6712178    303.18269    302.87745    4.9850779    24637.294    24637.294 0.0017605231   -22741.346   -22561.995    238.44588  0.037153628 
  965000   -7592.2049   -7591.7845    1.4062038    302.51611    304.37988    5.4517379    24637.294    24637.294 0.0017605231    -22221.27   -22255.287    93.411383  0.037321369 
  970000   -7595.0424   -7594.3671    1.3186674    301.36943     301.6092    4.9843742    24637.294    24637.294 0.0017605231   -22753.075    -22688.74    155.12284  0.037360486 
  975000   -7597.3666   -7595.6016    1.6267353    294.43193    297.63381    5.2213826    24637.294    24637.294 0.0017605231    -22961.24   -22795.087    223.70938  0.036015638 
  980000    -7594.852   -7594.9838    1.3495804    301.10807    302.23649    5.7051119    24637.294    24637.294 0.0017605231   -22838.895   -22897.036    78.240213  0.036667202 
  985000   -7591.1251   -7593.3625    1.4343375    306.68951    299.99765    4.9886825    24637.294    24637.294 0.0017605231   -22258.791   -22395.127    133.36568  0.038563104 
  990000   -7597.2953   -7594.9576    1.5081004    292.53666    299.24451    5.2865698    24637.294    24637.294 0.0017605231   -22988.502   -22798.871    157.47523  0.038012052 
  995000   -7594.9638   -7594.9344    1.7952542    294.41793    299.93915    5.4863578    24637.294    24637.294 0.0017605231   -22515.508    -22764.99    197.19257  0.038386694 
 1000000   -7597.9519   -7597.5054    1.7172495    291.65364    296.10501    4.8459794    24637.294    24637.294 0.0017605231   -22985.247   -23166.162     279.1618  0.038610198 
 1005000   -7596.6742   -7597.0089     1.381354    295.38797    298.23494    5.7145213    24637.294    24637.294 0.0017605231    -22919.33   -23150.665    132.69381  0.036664577 
 1010000   -7593.0012   -7593.3035    1.2198167    304.88085    302.49168    5.1601031    24637.294    24637.294 0.0017605231   -22582.266   -22482.446    90.847033  0.038625043 
 1015000   -7598.1062   -7595.3668    1.2919628    286.21189    297.91933    4.4596286    24637.294    24637.294 0.0017605231   -22865.301   -22698.079    130.88493  0.038474765 
 1020000   -7594.5917   -7594.5204    1.7763012    302.59027    299.86235    6.8841466    24637.294    24637.294 0.0017605231   -22765.343   -22675.237    107.80815  0.036876904 
 1025000   -7594.4165   -7595.8172    1.5292373    297.75291    301.57047    4.2091325    24637.294    24637.294 0.0017605231   -22543.778    -23026.47    241.91024   0.03828008 
 1030000   -7594.8882   -7596.5122    1.4126506    301.19997    298.40136    5.4973381    24637.294    24637.294 0.0017605231   -22829.228   -23069.832    136.21527  0.038943255 
 1035000   -7591.3857   -7593.3755    1.5352289    301.98345    298.59239    4.0967586    24637.294    24637.294 0.0017605231   -22122.426   -22347.462    247.70468  0.039133161 
 1040000   -7596.4987   -7594.4339     1.749462    297.99361    301.05636    6.1499598    24637.294    24637.294 0.0017605231   -23166.653   -22802.138    265.91966  0.038780912 
 1045000   -7595.1251   -7594.5879    1.7268573    299.99122    300.52276    6.5261032    24637.294    24637.294 0.0017605231   -22776.502   -22719.526    89.672395  0.038408674 
 1050000   -7597.4379   -7596.1841    1.3999684     298.2781    299.53323    4.6821503    24637.294    24637.294 0.0017605231   -23227.572   -23046.411    187.90079  0.037271676 
 1055000   -7591.8908   -7595.6774    2.0074493     305.5619     301.3333    5.3418706    24637.294    24637.294 0.0017605231   -22341.153   -22979.757    277.86039  0.038943511 
 1060000    -7595.305   -7594.6887    1.1680112    297.36057    301.09968    5.2004278    24637.294    24637.294 0.0017605231   -22696.618   -22740.806    102.66494  0.039275262 
 1065000   -7593.7679   -7594.9846    1.5130551    301.62234    298.89783    4.7332206    24637.294    24637.294 0.0017605231   -22548.798   -22676.442    205.23347  0.039356455 
 1070000   -7595.1499   -7594.2159     1.187597    298.12064    300.94857     4.726667    24637.294    24637.294 0.0017605231   -22792.523   -22633.621    123.71379  0.039917466 
 1075000   -7593.6288   -7595.4593    1.7937461    305.60215    301.93584    5.8613396    24637.294    24637.294 0.0017605231   -22641.691   -22932.336    186.58371  0.038757668 
 1080000   -7593.5644   -7592.5333    1.4085077    297.22945    300.48572    5.6189637    24637.294    24637.294 0.0017605231   -22283.378     -22221.2    146.84421  0.038426254 
 1085000   -7596.7656   -7594.6455    1.1672657    292.31533    297.46767    4.1612287    24637.294    24637.294 0.0017605231   -22811.203   -22550.118    129.79139   0.03987629 
 1090000   -7591.5968   -7592.2697    1.2834321    305.79885    302.80483    5.1952404    24637.294    24637.294 0.0017605231   -22263.994   -22240.047     92.81567  0.038767143 
 1095000   -7595.9083   -7595.0293    1.8554508    295.74269    300.54429    4.9105612    24637.294    24637.294 0.0017605231   -22697.371   -22688.344    400.10313  0.039293998 
 1100000   -7596.9274   -7593.7695    1.6895219     292.4755    301.00875    5.2752831    24637.294    24637.294 0.0017605231   -22832.308   -22589.535    137.61363  0.038413137 
 1105000   -7594.5719   -7595.3675    1.1168343    302.26129     299.4112    4.6157722    24637.294    24637.294 0.0017605231   -22883.262   -22894.115    183.65435  0.039666677 
 1110000   -7596.3184   -7596.3681    1.2620307     294.5084    298.21059     4.925478    24637.294    24637.294 0.0017605231   -22809.702   -22915.462    136.24179   0.03847999 
 1115000    -7597.644   -7597.3768    1.0315592    292.06586    296.49611    4.5164561    24637.294    24637.294 0.0017605231   -22978.511   -23159.057    115.55246  0.039549689 
 1120000   -7596.1277   -7595.3722    1.4578515    298.17792    301.55858    5.6541527    24637.294    24637.294 0.0017605231   -22922.095   -22987.824    97.194053  0.039260927 
 1125000   -7596.2574   -7596.9867    1.6763303    300.78857    302.37135    5.2456052    24637.294    24637.294 0.0017605231   -23172.069   -23322.738    218.02675  0.039150964 
 1130000   -7591.7909   -7592.3063    1.6495346    300.62774    299.72358    4.8577915    24637.294    24637.294 0.0017605231   -22042.432   -22197.476    244.73857  0.040528716 
 1135000   -7591.3214   -7594.5869    1.8982053    307.22584    299.10377    6.8048351    24637.294    24637.294 0.0017605231    -22257.81   -22683.064    176.70951  0.038762277 
 1140000    -7593.895   -7593.4272    1.6345911    296.45339    297.33243    4.8906087    24637.294    24637.294 0.0017605231   -22342.177   -22318.402    277.09341  0.040935034 
 1145000   -7596.2016   -7594.8234    1.5990786    290.20236    296.52423    5.0490069    24637.294    24637.294 0.0017605231   -22499.063   -22562.751    236.53177  0.039914324 
 1150000   -7596.9075   -7594.7822      1.54247    292.88457    296.48521    5.4759161    24637.294    24637.294 0.0017605231   -22865.451   -22580.673    131.65841  0.038398467 
 1155000   -7592.5643   -7593.5757    1.0347946    309.23999    303.52328    4.0872199    24637.294    24637.294 0.0017605231   -22660.283   -22607.902    118.13271    0.0382976 
 1160000   -7593.4796   -7592.7559    1.4231686    296.87447    302.21266     6.874459    24637.294    24637.294 0.0017605231   -22327.624   -22384.402     139.7126  0.038478343 
 1165000   -7596.8637   -7596.7728    2.1142571    299.69829     299.2031    5.5422883    24637.294    24637.294 0.0017605231   -23180.906   -23168.461    273.98583  0.037614844 
 1170000   -7591.6402   -7593.7475    1.7712895    304.84387    300.51374    6.4142998    24637.294    24637.294 0.0017605231     -22211.6   -22527.373    158.59392  0.039321729 
 1175000   -7592.6876   -7593.1998    1.0959468    303.65925     299.4076    4.0944231    24637.294    24637.294 0.0017605231   -22518.482    -22435.96    92.941045  0.037450503 
 1180000   -7595.4085   -7595.3013    1.1675091    299.01307    297.31947    4.7247415    24637.294    24637.294 0.0017605231   -22832.837   -22688.074    148.17503    0.0380549 
 1185000   -7597.1199   -7595.1612    1.4567879    299.19028    299.76563    4.8283023    24637.294    24637.294 0.0017605231    -23265.52     -22807.6    247.11166  0.038784545 
 1190000   -7593.7931   -7593.6247    1.3571569    295.37231    298.81451    5.5026383    24637.294    24637.294 0.0017605231   -22264.233   -22354.672    127.23238  0.040199544 
 1195000   -7595.3395   -7594.7387    1.2078141    293.46878    301.98599    4.4522825    24637.294    24637.294 0.0017605231   -22490.692   -22787.943    188.31079   0.03951393 
 1200000    -7592.147   -7595.3423    1.6425175    307.09931    300.89015    4.7626563    24637.294    24637.294 0.0017605231   -22458.017   -22884.617     217.5188  0.039338028 
 1205000   -7595.1564   -7593.9489    1.3451425    305.92358    301.15815    3.4781153    24637.294    24637.294 0.0017605231   -23121.829   -22579.639    253.69149  0.037753793 
 1210000   -7596.1039   -7594.7817    1.3548631    291.33211    300.32034     5.833796    24637.294    24637.294 0.0017605231   -22724.923    -22778.17    171.80624  0.038264669 
 1215000   -7595.6051   -7596.6333    1.3848645    304.92428    301.67492    6.5339822    24637.294    24637.294 0.0017605231   -23133.441   -23251.915    99.154783  0.036783936 
 1220000    -7592.989   -7594.5731    1.2642091    311.18809    300.22615    4.5596675    24637.294    24637.294 0.0017605231   -22886.411   -22725.616    195.18902  0.037276988 
 1225000   -7593.4931   -7593.7929     1.228871    303.34116    303.30597    4.4206214    24637.294    24637.294 0.0017605231   -22497.984   -22615.126    116.98361   0.03633891 
 1230000   -7592.7921    -7594.981    1.1766811    299.55332    301.79049    4.6525523    24637.294    24637.294 0.0017605231   -22108.927   -22785.519    316.06447  0.036261427 
 1235000   -7592.9329   -7593.4013    1.3234149    298.49783    299.62601    4.7962718    24637.294    24637.294 0.0017605231   -22335.515   -22459.683    91.598489  0.037475033 
 1240000   -7590.5555   -7592.9493    1.5830605    304.40097    299.28893    4.9018692    24637.294    24637.294 0.0017605231   -21982.355   -22333.068    260.75599  0.037590806 
 1245000   -7597.6321   -7595.7823    1.3035611    290.32877    297.04772    5.2591949    24637.294    24637.294 0.0017605231   -22962.606   -22898.003     115.4204   0.03610493 
 1250000   -7595.7477   -7593.5522    1.3233053    293.42011    301.10938    5.3541298    24637.294    24637.294 0.0017605231   -22690.476   -22591.255    108.00468  0.036479933 
 1255000   -7596.8111   -7596.1866    1.3078289    295.94521    298.48121    4.4972459    24637.294    24637.294 0.0017605231   -23016.807   -23028.051    182.57154  0.036393275 
 1260000   -7593.5701   -7593.0071    1.4855861    299.12711    300.09521    5.3059945    24637.294    24637.294 0.0017605231   -22400.892    -22297.46    161.33819  0.036537849 
 1265000   -7594.3858   -7594.0849    1.1648074    301.10833    300.95819    4.3962437    24637.294    24637.294 0.0017605231   -22741.002   -22707.002     82.41849  0.036348856 
 1270000   -7595.2472   -7595.7173    1.1181682    299.34089    300.94599    4.2649125    24637.294    24637.294 0.0017605231   -22823.085   -22972.961     219.4403  0.035881665 
 1275000   -7592.7047   -7593.9257    2.2170588    301.54444    301.85217    6.2348767    24637.294    24637.294 0.0017605231   -22395.529   -22597.146    274.26077  0.036967677 
 1280000   -7590.8649   -7593.3379    1.3787405    303.83469    298.70214    5.3538002    24637.294    24637.294 0.0017605231   -22180.331   -22469.589    104.65546  0.038104399 
 1285000   -7590.6365    -7591.914    1.3560181    307.68163    302.48191    5.7521591    24637.294    24637.294 0.0017605231   -22168.988   -22195.353    74.357537  0.039275919 
 1290000   -7593.0098   -7593.2508    1.8176192    300.70766    301.22025    5.7106962    24637.294    24637.294 0.0017605231   -22395.717     -22512.9    254.51001  0.038984763 
 1295000   -7591.7351   -7593.9897    1.6630097     306.0886    301.21698    5.9772849    24637.294    24637.294 0.0017605231   -22447.805   -22632.701    95.166499  0.038422336 
 1300000   -7594.8348   -7596.5701     1.440202    298.25002    299.25536    5.0735745    24637.294    24637.294 0.0017605231   -22705.945   -23102.364    157.62337  0.037498902 
 1305000   -7597.6352   -7595.3419    1.3598434    293.81115    299.46023    5.4514333    24637.294    24637.294 0.0017605231   -22985.096   -22783.744     157.0012  0.036906658 
 1310000   -7593.3006   -7592.6498    1.2987409    299.87205    299.14624    4.7960166    24637.294    24637.294 0.0017605231   -22355.206   -22196.497    160.23714   0.03922633 
 1315000   -7594.0303   -7594.1659    1.8785922    305.05608    301.90498    6.9748311    24637.294    24637.294 0.0017605231   -22733.406   -22662.829    166.38738  0.037692191 
 1320000    -7592.844   -7595.9622    1.1886635    303.79009    297.37249      3.96166    24637.294    24637.294 0.0017605231   -22535.752   -22871.811    129.23272  0.038773212 
 1325000   -7594.7086   -7592.5672    1.2497703    299.53227    303.36981    4.3306721    24637.294    24637.294 0.0017605231   -22798.162    -22592.88    126.68464  0.038646132 
 1330000   -7594.9337   -7597.4837    1.6225681    303.14528     297.4135    6.0800497    24637.294    24637.294 0.0017605231   -22812.516   -23216.881    188.85257  0.037921037 
 1335000   -7593.0804   -7592.7388     1.279554    295.59786    301.25561    4.4386669    24637.294    24637.294 0.0017605231   -22295.216    -22444.94    180.33549  0.038398175 
 1340000   -7598.3617    -7595.157    1.4871649    293.87025    301.31242    4.4517464    24637.294    24637.294 0.0017605231   -23174.987   -22825.011    163.30366  0.037878511 
 1345000   -7592.2922   -7592.7661    1.6463253    299.30307    302.78681    5.0835868    24637.294    24637.294 0.0017605231   -22170.344   -22410.213    333.07202  0.039940926 
 1350000   -7591.1123   -7592.8241    1.7197559    306.73233    300.19306     4.742233    24637.294    24637.294 0.0017605231   -22369.807   -22442.203    212.99066  0.040076904 
 1355000   -7596.0001   -7594.7675    1.1893802     294.7884    297.70939    4.8195947    24637.294    24637.294 0.0017605231   -22734.406   -22555.532    113.57502  0.038749804 
 1360000   -7594.8157   -7593.6067    1.1649908    293.25408    300.87842    4.4741367    24637.294    24637.294 0.0017605231   -22494.274   -22507.458    91.353472  0.039189184 
 1365000   -7591.5927   -7591.5387    1.4429661    304.18254    298.77404    5.1362544    24637.294    24637.294 0.0017605231   -22251.106   -22032.365    145.25719  0.039180149 
 1370000    -7596.238   -7592.5377    1.5193518     292.4217    300.83962    4.4545509    24637.294    24637.294 0.0017605231    -22727.44   -22322.856    188.00204  0.040016148 
 1375000   -7592.2229   -7593.6785    1.5387609    304.59358    300.63533    5.2764607    24637.294    24637.294 0.0017605231   -22396.831   -22527.787    171.16314  0.040101257 
 1380000   -7592.9095   -7592.3436    1.5225928    290.58344     299.9528      6.05797    24637.294    24637.294 0.0017605231   -21873.724   -22225.677    193.24277  0.040044468 
