"Energy Ave" "Energy Std" "Energy Stdm" "Temp Ave" "Temp Std" "Temp Stdm" "Volume Ave" "Volume Std" "Volume Stdm" "Press Ave" "Press Std" "Press Stdm"
-47814.80846000001 3.495342451741294 0.07654999998339918 300.02013835 2.2049948014925382 0.0006452499999625161 126113.28999999972 0.0023920798000000017 0.0 -59725.73036000001 93.80228389054727 3.8687599999975646
-37962.611999999994 3.385777100995024 0.0592199999919103 300.08138024999994 2.1639309840795997 0.005866049999980305 126113.28999999972 0.0023920798000000017 0.0 61214.54537499999 74.75937019402986 2.75817499999539
-37962.718420000005 3.4355633154228844 0.18386999999711406 300.09597965000006 2.175088773631841 0.08641255000003412 126113.28999999972 0.0023920798000000017 0.0 61208.960965 75.20006589054724 3.2454450000077486
-37962.49686999999 3.4712132094527366 0.08426999999210238 299.99491625 2.1786499283582086 0.050110550000056264 126113.28999999972 0.0023920798000000017 0.0 61221.73977499998 76.257565960199 1.7594049999643175
-37962.78405499999 3.591884797014923 0.16171499999472871 299.96526465 2.213348283084576 0.008155350000066619 126113.28999999972 0.0023920798000000017 0.0 61211.95221499999 79.24267865671644 5.870474999996077
-37962.12460499999 3.4319750129353226 0.4841749999941385 299.9580951 2.217793317412936 0.08274660000006406 126113.28999999972 0.0023920798000000017 0.0 61236.478245000035 74.78802267661689 14.866625000009662
-37962.547569999995 3.404885147761196 0.08542999999554013 299.96592465000003 2.1891630258706467 0.033504650000026004 126113.28999999972 0.0023920798000000017 0.0 61221.326195 74.7148248059702 1.0930450000159908
-37962.70696 3.5109356004975116 0.07839999999850988 300.0702825 2.1818610049751244 0.02134379999995417 126113.28999999972 0.0023920798000000017 0.0 61210.57624000001 78.51879008457713 1.3916000000026543
-37962.342319999996 3.5610791184079615 0.04681000000346103 300.06266100000005 2.215826806965173 0.02708750000002169 126113.28999999972 0.0023920798000000017 0.0 61224.663315 80.51596460199004 2.2763450000020384
-37962.43255999999 3.494296853233831 0.1724900000008347 300.05509075 2.1734935348258713 0.06159045000009655 126113.28999999972 0.0023920798000000017 0.0 61222.73683499999 77.55952561194032 3.5085650000110036
-37962.817025 3.4981082164179105 0.08996500000648666 299.99423485 2.179524347761196 0.02512525000005894 126113.28999999972 0.0023920798000000017 0.0 61210.8428 77.33017975621887 3.556280000029801
-47794.58574000001 3.571730005472636 0.16629000001921668 299.9420404999999 2.219777262686566 0.044687099999976 126493.9100000001 0.0069053397000000075 0.0 -63954.79401 97.16994561194032 5.943820000000414
-37971.562325000006 3.5621523258706453 0.023554999996122206 300.0695309 2.2402137174129355 0.006734299999976656 126493.9100000001 0.0069053397000000075 0.0 56500.87746 77.02045087562185 0.8123299999970186
-37971.601270000014 3.485858427363182 0.24550999999701162 299.9684606500001 2.1905807134328374 0.031448150000016994 126493.9100000001 0.0069053397000000075 0.0 56500.693329999995 77.71219284577116 8.446090000012191
-37971.65787000002 3.5138672890547267 0.6050600000016857 299.99178279999995 2.2145230945273635 0.11316460000006145 126493.9100000001 0.0069053397000000075 0.0 56500.58274999998 76.8811884726368 18.79719999999361
-37971.458614999996 3.440642468159203 0.039925000004586764 300.0489102 2.171556115920399 0.04597019999997088 126493.9100000001 0.0069053397000000075 0.0 56502.379745 76.31905414427858 3.97621500000605
-37971.54303 3.4806819681592045 0.40604999999777647 300.0339654999999 2.215322922885573 0.048919599999948105 126493.9100000001 0.0069053397000000075 0.0 56500.31357499999 75.22094947761197 13.54529499999262
-37972.24103 3.5842250298507468 0.03342000000702683 299.9562402 2.23486674278607 0.04916389999996795 126493.9100000001 0.0069053397000000075 0.0 56477.463435 78.149595159204 0.3757949999999255
-37971.34352 3.5866300228855708 0.41270000000076834 299.98668584999996 2.2011292114427863 0.08790484999997261 126493.9100000001 0.0069053397000000075 0.0 56511.42604999998 78.59304532338305 12.463499999987107
-37971.55234000001 3.5810808950248747 0.044880000004923204 300.0384044000001 2.2253793512437814 0.0070748999999921125 126493.9100000001 0.0069053397000000075 0.0 56499.927400000015 77.08339229353234 1.3620600000067498
-37971.860994999995 3.519236696517412 0.2679449999923236 300.0115249000001 2.187660266169152 0.017337500000053296 126493.9100000001 0.0069053397000000075 0.0 56492.10929 76.61800567164178 11.00966999999946
-47772.54424000001 3.531832537313431 0.2341599999999744 300.04135765000007 2.208646921393035 0.04149915000004967 126875.30000000016 0.009667475499999965 0.0 -68094.34607500001 95.09333999004973 9.747225000006438
-37979.38858999999 3.493501937810947 0.174299999998766 300.01747535000004 2.192677475124377 0.010157550000030824 126875.30000000016 0.009667475499999965 0.0 51838.04393500001 79.00887278606963 5.6068149999809975
-37980.13747999999 3.4487603139303458 0.0760299999928975 300.0737836500001 2.203541940298507 0.03432644999995205 126875.30000000016 0.009667475499999965 0.0 51805.93728999999 73.95953184577118 1.306589999996504
-37980.280414999994 3.47497600248756 0.26099499999691034 299.9356957999999 2.204600849751244 0.013587899999947695 126875.30000000016 0.009667475499999965 0.0 51806.475985 77.0762823731343 10.876024999997753
-37979.29634500001 3.4341937323383083 0.29421500000171363 300.0660156 2.173896897014924 0.1141345000000058 126875.30000000016 0.009667475499999965 0.0 51837.93870500002 75.91205912935327 5.99661500000002
-37979.539385 3.4651775208955224 0.09850500001266482 300.00991895000004 2.188561215920397 0.03888625000001866 126875.30000000016 0.009667475499999965 0.0 51832.88495999999 74.69716974626866 6.17391000000498
-37980.13149000001 3.5683128318407973 0.26953999999386724 299.88977790000007 2.247737840796018 0.022192200000006324 126875.30000000016 0.009667475499999965 0.0 51816.266054999985 74.60844945771144 9.579964999993535
-37979.63925000001 3.529785700497513 0.10875999999188934 300.10505194999996 2.2219591840796022 0.008327950000023066 126875.30000000016 0.009667475499999965 0.0 51824.530735 77.28390023383088 5.164614999994228
-37979.85750500001 3.576353960696517 0.037764999997307314 299.9826819 2.207209965671643 0.005563599999902635 126875.30000000016 0.009667475499999965 0.0 51820.573025000005 78.44421372139303 0.9637250000050699
-37980.01474499999 3.5353956298507474 0.000844999998662388 300.0092153500001 2.211016670646766 0.031877549999904886 126875.30000000016 0.009667475499999965 0.0 51813.59282500001 78.1517525323383 0.21164500001032138
-37979.933419999994 3.5986834024875614 0.3088099999949918 300.02656245000003 2.200980990049751 0.060342350000070155 126875.30000000016 0.009667475499999965 0.0 51816.79149499998 81.60417345771147 9.467834999984916
-47750.125725000005 3.517424363184079 0.3348049999913201 299.98906175 2.2084447472636817 0.04540734999994811 127257.44999999984 0.006328848299999993 0.0 -72196.47834000002 98.6036252885572 15.45333999999275
-37986.40769 3.471112630348262 0.12120999999024207 300.0924275500001 2.171302759701494 0.038757450000048266 127257.44999999984 0.006328848299999993 0.0 47210.63309499999 77.6401915870647 3.6405350000059116
-37986.76665499999 3.4985219024875613 0.2617049999971641 300.0108917 2.201470766169155 0.00227309999991121 127257.44999999984 0.006328848299999993 0.0 47200.625705 77.00781697014925 11.626664999988861
-37986.38528 3.5214916781094536 0.0009900000150082633 300.0757850500001 2.1747315308457718 0.008459749999985888 127257.44999999984 0.006328848299999993 0.0 47213.630265 76.98592115422883 0.07763500000510248
-37986.77372499999 3.5998825019900487 0.1238549999834504 299.99758105000006 2.21034621840796 0.08385104999996429 127257.44999999984 0.006328848299999993 0.0 47200.63518499999 77.85669182587066 0.8167450000073586
-37987.16845499999 3.4403533860696514 0.2451249999976426 299.98274955 2.17804280199005 0.02568795000010482 127257.44999999984 0.006328848299999993 0.0 47184.90345500001 72.61182321890543 10.004815000007511
-37986.676150000014 3.5332737174129334 0.039319999999861466 300.06775560000005 2.2061710049751233 0.0019917000000191365 127257.44999999984 0.006328848299999993 0.0 47200.42719500001 77.2120772736318 2.4066150000035123
-37986.76620499999 3.6181271537313435 0.09562500000538421 300.08102464999996 2.1946187034825884 0.08492924999990237 127257.44999999984 0.006328848299999993 0.0 47195.75905999998 80.96330777611935 0.8154099999956088
-37986.76910500001 3.458432064676618 0.03155500000139 300.02523099999996 2.1609213761194055 0.0013567000001160068 127257.44999999984 0.006328848299999993 0.0 47199.06085 76.63261256218905 1.4798599999849102
-37986.76590500001 3.508357777114427 0.11071500000252854 300.01739299999997 2.222536116915423 0.09745009999988952 127257.44999999984 0.006328848299999993 0.0 47199.42307 73.1282867661692 9.133499999981723
-37986.84916499999 3.486768944278606 0.04131499999130028 300.07315504999985 2.200458845273633 0.047261550000058605 127257.44999999984 0.006328848299999993 0.0 47193.940935 76.15490692537313 2.626025000005029
-47726.66739 3.5587718920398013 0.053619999987859046 299.97371425000006 2.1757159965174138 0.0001684500000180833 127640.38000000022 0.005348853100000004 0.0 -76238.83222499999 95.15138119900497 2.87588500000129
-37992.64319999999 3.411280436815919 0.25301999999646796 299.99606245000007 2.162318898507463 0.01286154999999667 127640.38000000022 0.005348853100000004 0.0 42626.22099000001 73.58507995024871 8.415820000009262
-37992.74661 3.465904794527364 0.02440000000569853 300.02840915 2.1964491965174138 0.004718850000102748 127640.38000000022 0.005348853100000004 0.0 42620.82216499999 72.9873478905473 0.1373249999996915
-37992.785229999994 3.4836242527363184 0.2541099999980361 300.01615195 2.2131565691542274 0.023893450000088023 127640.38000000022 0.005348853100000004 0.0 42620.72930999998 75.07926420895521 8.48514000000796
-37992.736399999994 3.4019018815920403 0.05098000000725733 299.9534550999999 2.1593380273631846 0.01993819999995594 127640.38000000022 0.005348853100000004 0.0 42625.30065499999 73.14722302985075 3.3246849999923143
-37992.93278 3.5495041129353226 0.07420999998066691 299.97729325 2.202923002487564 0.07877925000005348 127640.38000000022 0.005348853100000004 0.0 42615.42479499999 80.32061580099501 5.324635000004491
-37992.22699499999 3.45293946368159 0.0008949999901233241 299.97185649999994 2.2089359875621883 0.04181910000002631 127640.38000000022 0.005348853100000004 0.0 42645.657544999995 73.10384153731343 1.040354999993724
-37992.932975 3.4927980174129347 0.19081500000174856 299.94568419999996 2.170112678606966 0.049744599999968386 127640.38000000022 0.005348853100000004 0.0 42617.568895000004 77.12180655721392 4.357975000002625
-37992.712275 3.508160212935321 0.004004999998869607 300.02199185000006 2.2062166263681586 0.12993044999998915 127640.38000000022 0.005348853100000004 0.0 42623.66263999998 76.37013437313428 4.326190000010683
-37992.61033000001 3.5842757174129365 0.09036000000560307 299.91824065000003 2.180397736815919 0.1015595499999904 127640.38000000022 0.005348853100000004 0.0 42632.13068 81.90160269154234 0.8412499999940337
-37993.017860000014 3.5403372900497523 0.01869000000442611 300.01149539999994 2.208827345273633 0.01782949999986272 127640.38000000022 0.005348853100000004 0.0 42612.02652500001 75.90295199004979 0.252055000008113
-47701.576535 3.611685742786068 0.1927749999849766 300.0564926 2.217936868159204 0.04949149999998781 128024.06000000006 0.007564420600000009 0.0 -80203.35862999997 98.29828762189062 7.3221599999887985
-37997.22885 3.57903321044776 0.40545999998721527 300.0346268499999 2.2122492646766156 0.12448724999993033 128024.06000000006 0.007564420600000009 0.0 38110.425480000005 77.35911952238808 11.806410000001051
-37997.759210000004 3.566320798009951 0.10703000000285101 300.0471064 2.2039186681592042 0.046633800000051906 128024.06000000006 0.007564420600000009 0.0 38089.570105 81.28400839800993 1.9193650000015623
-37997.59461500001 3.464234035323381 0.1482350000005681 299.9135113000001 2.1620311223880595 0.02340689999988399 128024.06000000006 0.007564420600000009 0.0 38102.545285 74.71828218407957 4.4596849999979895
-37997.46149500001 3.4589190472636804 0.19890499999382882 299.96623105000003 2.18777115124378 0.04526154999999221 128024.06000000006 0.007564420600000009 0.0 38104.450845000014 69.85077657711443 3.1092750000061637
-37997.74208000001 3.5322516273631863 0.17568000000392203 299.99267485 2.2042281492537317 0.09120414999989634 128024.06000000006 0.007564420600000009 0.0 38091.49057999999 75.92280752238807 2.7670799999978044
-37997.47448999999 3.486696148756216 0.2148999999917578 299.98811935000015 2.1636193179104475 0.0723152500000026 128024.06000000006 0.007564420600000009 0.0 38105.07498499999 76.18889885074623 5.66615499999898
-37997.93115999999 3.5080372562189046 0.14721999998073443 299.91185570000005 2.1698111731343284 0.08252179999996656 128024.06000000006 0.007564420600000009 0.0 38087.187855 78.04847519402983 1.3959450000002107
-37997.84630500001 3.5741053159204 0.5906449999965844 300.0173638 2.2529841696517416 0.0690524000000039 128024.06000000006 0.007564420600000009 0.0 38087.33048499999 77.56318257711439 21.42706499999622
-37997.621040000005 3.493487865174132 0.08288000000175089 300.006741 2.183794295522388 0.0032368000000246866 128024.06000000006 0.007564420600000009 0.0 38098.200695 76.6470810895522 3.0515050000030897
-37997.548164999986 3.438909716417911 0.22789499999271357 299.94998985000007 2.1913663114427866 0.004984550000017407 128024.06000000006 0.007564420600000009 0.0 38100.663625 77.32507340796018 9.89458499999455
-47676.435715 3.446636026368159 0.31934499998169485 299.9654438000001 2.2079027243781093 0.021712999999977 128408.5199999997 0.00895034319999999 0.0 -84148.74354499998 90.06306733333332 16.466075000011188
-38001.595539999995 3.4393903024875607 0.1060100000067905 299.9092484 2.221568689054726 0.11153969999992341 128408.5199999997 0.00895034319999999 0.0 33618.293865 76.56618472636818 0.4372650000077556
-38001.330740000005 3.493957474626867 0.1163300000007439 299.97051579999993 2.180270358208954 0.04188350000001151 128408.5199999997 0.00895034319999999 0.0 33627.391245 75.71045851741296 5.208214999998745
-38001.036605 3.5529310572139297 0.03441499999098596 300.0797706500001 2.2050937686567162 0.049791650000003074 128408.5199999997 0.00895034319999999 0.0 33634.052255 78.5171918955224 0.5823850000015227
-38001.54578499998 3.4066310074626847 0.024215000001277076 299.9391749 2.184406265671642 0.037530799999956344 128408.5199999997 0.00895034319999999 0.0 33616.53603 72.10395643781096 2.718109999997978
-38001.22957499999 3.431813860199005 0.2802650000048743 300.07214565000004 2.185950016915422 0.027155150000027106 128408.5199999997 0.00895034319999999 0.0 33626.496590000024 74.15407861194032 8.780420000006416
-38001.04242500001 3.559246218905471 0.2760050000069896 300.03606250000007 2.222442399004974 0.06447349999993435 128408.5199999997 0.00895034319999999 0.0 33634.3531 77.92849569154231 13.40965000000142
-38001.40759499998 3.4966306562189033 0.03412499999831198 299.95586005 2.178812560696518 0.004396049999911611 128408.5199999997 0.00895034319999999 0.0 33623.21190499999 76.31954782587061 2.6466049999980896
-38000.944715000005 3.4833965487562195 0.10740500000974862 299.99878045 2.135624529353233 0.08442924999997103 128408.5199999997 0.00895034319999999 0.0 33640.417025 78.11141147263683 1.419384999997419
-38001.10791 3.504241667164179 0.010020000001532026 299.9878848 2.209315521890546 0.044899799999939205 128408.5199999997 0.00895034319999999 0.0 33634.127089999994 74.8967406766169 1.4351100000058068
-47649.42154 3.525427487064675 0.08357000001706183 299.9831395 2.2080300054726374 0.015135500000099 128793.75 0.009264485299999962 0.0 -88001.43977499998 91.59256738805976 2.50936499999807
-38003.967554999996 3.4450131995024855 0.0021550000055867713 299.9737303500001 2.1696533333333345 0.06556704999999852 128793.75 0.009264485299999962 0.0 29203.479079999997 74.3384949353234 3.767940000007002
-38003.885360000015 3.470145805970149 0.3542799999886483 300.14575415 2.2171656786069653 0.018516649999895662 128793.75 0.009264485299999962 0.0 29200.24877 72.92890309950249 14.402449999999591
-38004.27874999999 3.553026013930347 0.029799999996612314 300.03098175 2.200663262686567 0.02995044999997276 128793.75 0.009264485299999962 0.0 29190.39586 77.26777734825868 1.1535600000024715
-38004.04956500001 3.5032514915422888 0.4257050000123854 300.03883460000003 2.1979499298507457 0.08979050000004918 128793.75 0.009264485299999962 0.0 29198.927175000004 74.26907087064679 12.418225000001257
-38004.288264999996 3.5604390562189043 0.17782500000976142 299.90429844999994 2.187708610447762 0.09470454999998879 128793.75 0.009264485299999962 0.0 29197.768089999994 78.04388514427863 1.3489800000061223
-38004.364065 3.5540898935323386 0.11594500000137486 299.9336929499999 2.19127896119403 0.04650424999999814 128793.75 0.009264485299999962 0.0 29189.550405 77.38953545273628 2.4854850000210718
-38003.78589999999 3.5003482845771163 0.18318000000726897 299.96985939999996 2.1714106184079607 0.0114022000000773 128793.75 0.009264485299999962 0.0 29214.634449999998 76.84805144776122 7.023160000006101
-38004.16901 3.5046546820895523 0.18460000001141452 299.9705632 2.2153046810945276 0.06309379999996167 128793.75 0.009264485299999962 0.0 29195.57251 79.26447875124379 10.506479999992735
-38003.943395 3.409977384079599 0.42769499999121763 299.94722605000004 2.1602159248756214 0.01323674999986224 128793.75 0.009264485299999962 0.0 29206.337380000004 73.59542146766167 14.643470000000889
-38004.18991500001 3.416130365174131 0.1242749999910302 299.99050785 2.196007346766169 0.08166225000002214 128793.75 0.009264485299999962 0.0 29194.527579999994 71.18105551741294 1.0238499999941268
-47622.71991 3.498506190049751 0.04577000001518172 299.9328682500001 2.2260189412935314 0.043507250000061504 129179.74000000018 0.0033829117000000078 0.0 -91864.13837999999 92.20699001990049 0.49181000000680797
-38005.553174999994 3.5179395597014937 0.5646050000032119 300.0160699500001 2.226452209452736 0.04151455000001647 129179.74000000018 0.0033829117000000078 0.0 24837.45047500001 75.22159019900499 19.702054999997927
-38005.760825000005 3.4921386945273647 0.32656500001758104 300.0000852999999 2.1860571004975116 0.07747610000009786 129179.74000000018 0.0033829117000000078 0.0 24828.878585000002 74.47104234328359 9.693615000007412
-38005.39532499999 3.463269646268655 0.2989550000093004 300.03083995 2.175427477114427 0.0053134499999885065 129179.74000000018 0.0033829117000000078 0.0 24842.56557 76.07696060696516 11.99920999999631
-38005.64480499999 3.567086414925375 0.32725499998559826 299.93025680000005 2.2158089253731337 0.012497299999978395 129179.74000000018 0.0033829117000000078 0.0 24837.237684999996 78.00057177114431 11.731934999996156
-38005.53622000001 3.5096218940298534 0.3465399999950023 300.0602986 2.1858796417910438 0.018839400000018713 129179.74000000018 0.0033829117000000078 0.0 24834.835405 76.14085930348257 11.198284999998577
-38005.42266000001 3.599322793532337 0.3690500000047905 300.06470520000005 2.2097292910447752 0.06836629999997967 129179.74000000018 0.0033829117000000078 0.0 24839.023214999994 77.06835964179102 12.24678500000482
-38005.31565 3.497785176616914 0.0776800000021467 300.0161331000001 2.215995447263682 0.04121589999999742 129179.74000000018 0.0033829117000000078 0.0 24846.797505 74.37032482587064 1.935475000002043
-38005.54014499999 3.5056581238805986 0.056524999999965075 300.07488095 2.204861378606966 0.021955350000041562 129179.74000000018 0.0033829117000000078 0.0 24834.575495000005 77.55544821393036 1.9819550000083836
-38005.85091499999 3.47856667761194 0.5212249999931373 299.99473705000014 2.1896058184079603 0.08411075000000778 129179.74000000018 0.0033829117000000078 0.0 24826.325279999994 73.7714662487562 14.542249999998603
-38005.813 3.5073541781094533 0.15616999998746905 299.9609508 2.200201758706466 0.016442400000045154 129179.74000000018 0.0033829117000000078 0.0 24826.998484999996 78.0238340547264 6.069875000001048
-47593.88302500002 3.45906876318408 0.20448499999110936 300.05285775 2.236842091542289 0.028747249999980795 129566.50999999982 0.007689460799999993 0.0 -95628.03285 89.42201694029849 9.423569999969914
-38006.235075000004 3.4572675223880576 0.24171500000011292 300.03024569999997 2.1819460671641804 0.07762309999992567 129566.50999999982 0.007689460799999993 0.0 20519.543554999997 74.01689199004979 15.330295000003389
-38006.55502 3.5265127567164174 0.17307000000073458 299.89816049999996 2.2200541089552237 0.023881899999935285 129566.50999999982 0.007689460799999993 0.0 20513.782770000013 75.5303177512438 3.745339999999487
-38006.675865 3.485828484079602 0.10286499999710941 299.99678489999997 2.2134153064676627 0.054955500000005486 129566.50999999982 0.007689460799999993 0.0 20506.66014 76.05584267661686 3.9649400000016612
-38006.148539999995 3.4610519164179094 0.4372499999990396 300.02086800000006 2.2230677631840776 0.0006405999999969936 129566.50999999982 0.007689460799999993 0.0 20527.647155 73.51358961194033 16.890975000000253
-38006.548299999995 3.4464802512437798 0.09049000000959495 299.89464485 2.1655684159203985 0.06068335000003344 129566.50999999982 0.007689460799999993 0.0 20515.070109999997 77.14244582089553 1.024939999999333
-38005.874855 3.4831361243781105 0.41100499998719897 300.0303672 2.21844564726368 0.0908749000000455 129566.50999999982 0.007689460799999993 0.0 20534.99305 75.11868713930346 13.240729999990435
-38006.313645 3.5148917512437765 0.03323500000988133 300.05676399999993 2.184036888059702 0.08238629999993918 129566.50999999982 0.007689460799999993 0.0 20518.549684999998 76.39689652736318 0.42708500000117056
-38006.15503 3.4902571442786066 0.16874999999708962 300.0438947500001 2.1970177308457712 0.05208565000003773 129566.50999999982 0.007689460799999993 0.0 20525.176165000004 78.32393211442785 4.930075000002034
-38006.225739999994 3.518177377114427 0.17227000001366832 299.94209539999997 2.195452723383085 0.049784000000016704 129566.50999999982 0.007689460799999993 0.0 20526.56101 76.7927805870647 5.738740000007965
-47564.40546999999 3.455263725870645 0.06467000000702683 299.92311400000006 2.202578589054726 0.06821790000003602 129954.0399999997 0.005167483000000005 0.0 -99345.98372500001 92.15573446268664 0.5268550000037067
-38005.791764999994 3.4598832626865668 0.1644049999958952 300.0462218 2.2292305024875625 0.048978199999993415 129954.0399999997 0.005167483000000005 0.0 16274.724675000001 72.55891611442786 8.155974999998762
-38005.712125000005 3.4459959343283586 0.07729499999913969 300.00128185 2.1760401358208954 0.06607694999996738 129954.0399999997 0.005167483000000005 0.0 16279.787 76.41759038308459 1.4142499999934444
-38005.94433500001 3.4407521711442772 0.07215500000529573 299.93198500000005 2.174170494527362 0.034430000000014616 129954.0399999997 0.005167483000000005 0.0 16272.448734999994 74.42800451741294 4.09206500000073
-38005.845564999996 3.4959029378109463 0.019935000011173543 299.95369159999996 2.2159521497512435 0.042240300000145226 129954.0399999997 0.005167483000000005 0.0 16275.345355 74.97967890547265 2.3445249999986117
-38005.560504999994 3.434883737313432 0.21191499999986263 299.95507354999995 2.1676617328358203 0.008068750000035152 129954.0399999997 0.005167483000000005 0.0 16289.945935 72.70194890049747 9.472305000002962
-38005.52938500001 3.5261462348258688 0.11105500000121538 300.04162975 2.181627876119403 0.0278387500000008 129954.0399999997 0.005167483000000005 0.0 16285.366325000003 76.42237735820892 3.522104999999101
-38005.80971000001 3.424533342288557 0.04161999999632826 299.99004080000014 2.1760755358208956 0.032844300000078874 129954.0399999997 0.005167483000000005 0.0 16277.995435 72.31485420895525 1.4070750000000771
-38005.26843499999 3.5150413248756203 0.1266349999968952 300.03626804999993 2.2064765417910444 0.0026753499999472297 129954.0399999997 0.005167483000000005 0.0 16295.690925000006 75.99584407462689 6.251885000000584
-38005.72496 3.470216207960199 0.06812999999237945 300.1012386 2.2228148542288566 0.057499200000080464 129954.0399999997 0.005167483000000005 0.0 16277.148095000002 72.10750077114432 1.1044149999997899
