"Energy Ave" "Energy Std" "Energy Stdm" "Temp Ave" "Temp Std" "Temp Stdm" "Volume Ave" "Volume Std" "Volume Stdm" "Press Ave" "Press Std" "Press Stdm"
-37962.718420000005 3.4355633154228844 0.18386999999711406 300.09597965000006 2.175088773631841 0.08641255000003412 126113.28999999972 0.0023920798000000017 0.0 61208.960965 75.20006589054724 3.2454450000077486
-37971.601270000014 3.485858427363182 0.24550999999701162 299.9684606500001 2.1905807134328374 0.031448150000016994 126493.9100000001 0.0069053397000000075 0.0 56500.693329999995 77.71219284577116 8.446090000012191
-37980.13747999999 3.4487603139303458 0.0760299999928975 300.0737836500001 2.203541940298507 0.03432644999995205 126875.30000000016 0.009667475499999965 0.0 51805.93728999999 73.95953184577118 1.306589999996504
-37986.76665499999 3.4985219024875613 0.2617049999971641 300.0108917 2.201470766169155 0.00227309999991121 127257.44999999984 0.006328848299999993 0.0 47200.625705 77.00781697014925 11.626664999988861
-37992.74661 3.465904794527364 0.02440000000569853 300.02840915 2.1964491965174138 0.004718850000102748 127640.38000000022 0.005348853100000004 0.0 42620.82216499999 72.9873478905473 0.1373249999996915
-37997.759210000004 3.566320798009951 0.10703000000285101 300.0471064 2.2039186681592042 0.046633800000051906 128024.06000000006 0.007564420600000009 0.0 38089.570105 81.28400839800993 1.9193650000015623
-38001.330740000005 3.493957474626867 0.1163300000007439 299.97051579999993 2.180270358208954 0.04188350000001151 128408.5199999997 0.00895034319999999 0.0 33627.391245 75.71045851741296 5.208214999998745
-38003.885360000015 3.470145805970149 0.3542799999886483 300.14575415 2.2171656786069653 0.018516649999895662 128793.75 0.009264485299999962 0.0 29200.24877 72.92890309950249 14.402449999999591
-38005.760825000005 3.4921386945273647 0.32656500001758104 300.0000852999999 2.1860571004975116 0.07747610000009786 129179.74000000018 0.0033829117000000078 0.0 24828.878585000002 74.47104234328359 9.693615000007412
-38005.712125000005 3.4459959343283586 0.07729499999913969 300.00128185 2.1760401358208954 0.06607694999996738 129954.0399999997 0.005167483000000005 0.0 16279.787 76.41759038308459 1.4142499999934444
