"Energy Ave" "Energy Std" "Energy Stdm" "Temp Ave" "Temp Std" "Temp Stdm" "Volume Ave" "Volume Std" "Volume Stdm" "Press Ave" "Press Std" "Press Stdm"
-37962.49686999999 3.4712132094527366 0.08426999999210238 299.99491625 2.1786499283582086 0.050110550000056264 126113.28999999972 0.0023920798000000017 0.0 61221.73977499998 76.257565960199 1.7594049999643175
-37980.280414999994 3.47497600248756 0.26099499999691034 299.9356957999999 2.204600849751244 0.013587899999947695 126875.30000000016 0.009667475499999965 0.0 51806.475985 77.0762823731343 10.876024999997753
-37986.38528 3.5214916781094536 0.0009900000150082633 300.0757850500001 2.1747315308457718 0.008459749999985888 127257.44999999984 0.006328848299999993 0.0 47213.630265 76.98592115422883 0.07763500000510248
-37992.785229999994 3.4836242527363184 0.2541099999980361 300.01615195 2.2131565691542274 0.023893450000088023 127640.38000000022 0.005348853100000004 0.0 42620.72930999998 75.07926420895521 8.48514000000796
-37997.59461500001 3.464234035323381 0.1482350000005681 299.9135113000001 2.1620311223880595 0.02340689999988399 128024.06000000006 0.007564420600000009 0.0 38102.545285 74.71828218407957 4.4596849999979895
-38001.036605 3.5529310572139297 0.03441499999098596 300.0797706500001 2.2050937686567162 0.049791650000003074 128408.5199999997 0.00895034319999999 0.0 33634.052255 78.5171918955224 0.5823850000015227
-38004.27874999999 3.553026013930347 0.029799999996612314 300.03098175 2.200663262686567 0.02995044999997276 128793.75 0.009264485299999962 0.0 29190.39586 77.26777734825868 1.1535600000024715
-38005.39532499999 3.463269646268655 0.2989550000093004 300.03083995 2.175427477114427 0.0053134499999885065 129179.74000000018 0.0033829117000000078 0.0 24842.56557 76.07696060696516 11.99920999999631
-38006.55502 3.5265127567164174 0.17307000000073458 299.89816049999996 2.2200541089552237 0.023881899999935285 129566.50999999982 0.007689460799999993 0.0 20513.782770000013 75.5303177512438 3.745339999999487
-38005.94433500001 3.4407521711442772 0.07215500000529573 299.93198500000005 2.174170494527362 0.034430000000014616 129954.0399999997 0.005167483000000005 0.0 16272.448734999994 74.42800451741294 4.09206500000073
