"Energy Ave" "Energy Std" "Energy Stdm" "Temp Ave" "Temp Std" "Temp Stdm" "Volume Ave" "Volume Std" "Volume Stdm" "Press Ave" "Press Std" "Press Stdm"
-37962.817025 3.4981082164179105 0.08996500000648666 299.99423485 2.179524347761196 0.02512525000005894 126113.28999999972 0.0023920798000000017 0.0 61210.8428 77.33017975621887 3.556280000029801
-37971.860994999995 3.519236696517412 0.2679449999923236 300.0115249000001 2.187660266169152 0.017337500000053296 126493.9100000001 0.0069053397000000075 0.0 56492.10929 76.61800567164178 11.00966999999946
-37979.933419999994 3.5986834024875614 0.3088099999949918 300.02656245000003 2.200980990049751 0.060342350000070155 126875.30000000016 0.009667475499999965 0.0 51816.79149499998 81.60417345771147 9.467834999984916
-37986.84916499999 3.486768944278606 0.04131499999130028 300.07315504999985 2.200458845273633 0.047261550000058605 127257.44999999984 0.006328848299999993 0.0 47193.940935 76.15490692537313 2.626025000005029
-37993.017860000014 3.5403372900497523 0.01869000000442611 300.01149539999994 2.208827345273633 0.01782949999986272 127640.38000000022 0.005348853100000004 0.0 42612.02652500001 75.90295199004979 0.252055000008113
-37997.548164999986 3.438909716417911 0.22789499999271357 299.94998985000007 2.1913663114427866 0.004984550000017407 128024.06000000006 0.007564420600000009 0.0 38100.663625 77.32507340796018 9.89458499999455
-38001.10791 3.504241667164179 0.010020000001532026 299.9878848 2.209315521890546 0.044899799999939205 128408.5199999997 0.00895034319999999 0.0 33634.127089999994 74.8967406766169 1.4351100000058068
-38004.18991500001 3.416130365174131 0.1242749999910302 299.99050785 2.196007346766169 0.08166225000002214 128793.75 0.009264485299999962 0.0 29194.527579999994 71.18105551741294 1.0238499999941268
-38005.813 3.5073541781094533 0.15616999998746905 299.9609508 2.200201758706466 0.016442400000045154 129179.74000000018 0.0033829117000000078 0.0 24826.998484999996 78.0238340547264 6.069875000001048
-38006.225739999994 3.518177377114427 0.17227000001366832 299.94209539999997 2.195452723383085 0.049784000000016704 129566.50999999982 0.007689460799999993 0.0 20526.56101 76.7927805870647 5.738740000007965
