"Energy Ave" "Energy Std" "Energy Stdm" "Temp Ave" "Temp Std" "Temp Stdm" "Volume Ave" "Volume Std" "Volume Stdm" "Press Ave" "Press Std" "Press Stdm"
-37962.70696 3.5109356004975116 0.07839999999850988 300.0702825 2.1818610049751244 0.02134379999995417 126113.28999999972 0.0023920798000000017 0.0 61210.57624000001 78.51879008457713 1.3916000000026543
-37972.24103 3.5842250298507468 0.03342000000702683 299.9562402 2.23486674278607 0.04916389999996795 126493.9100000001 0.0069053397000000075 0.0 56477.463435 78.149595159204 0.3757949999999255
-37979.63925000001 3.529785700497513 0.10875999999188934 300.10505194999996 2.2219591840796022 0.008327950000023066 126875.30000000016 0.009667475499999965 0.0 51824.530735 77.28390023383088 5.164614999994228
-37986.76620499999 3.6181271537313435 0.09562500000538421 300.08102464999996 2.1946187034825884 0.08492924999990237 127257.44999999984 0.006328848299999993 0.0 47195.75905999998 80.96330777611935 0.8154099999956088
-37992.932975 3.4927980174129347 0.19081500000174856 299.94568419999996 2.170112678606966 0.049744599999968386 127640.38000000022 0.005348853100000004 0.0 42617.568895000004 77.12180655721392 4.357975000002625
-37997.93115999999 3.5080372562189046 0.14721999998073443 299.91185570000005 2.1698111731343284 0.08252179999996656 128024.06000000006 0.007564420600000009 0.0 38087.187855 78.04847519402983 1.3959450000002107
-38001.40759499998 3.4966306562189033 0.03412499999831198 299.95586005 2.178812560696518 0.004396049999911611 128408.5199999997 0.00895034319999999 0.0 33623.21190499999 76.31954782587061 2.6466049999980896
-38003.78589999999 3.5003482845771163 0.18318000000726897 299.96985939999996 2.1714106184079607 0.0114022000000773 128793.75 0.009264485299999962 0.0 29214.634449999998 76.84805144776122 7.023160000006101
-38005.31565 3.497785176616914 0.0776800000021467 300.0161331000001 2.215995447263682 0.04121589999999742 129179.74000000018 0.0033829117000000078 0.0 24846.797505 74.37032482587064 1.935475000002043
-38005.874855 3.4831361243781105 0.41100499998719897 300.0303672 2.21844564726368 0.0908749000000455 129566.50999999982 0.007689460799999993 0.0 20534.99305 75.11868713930346 13.240729999990435
-38005.80971000001 3.424533342288557 0.04161999999632826 299.99004080000014 2.1760755358208956 0.032844300000078874 129954.0399999997 0.005167483000000005 0.0 16277.995435 72.31485420895525 1.4070750000000771
