"Energy Ave" "Energy Std" "Energy Stdm" "Temp Ave" "Temp Std" "Temp Stdm" "Volume Ave" "Volume Std" "Volume Stdm" "Press Ave" "Press Std" "Press Stdm"
-37962.342319999996 3.5610791184079615 0.04681000000346103 300.06266100000005 2.215826806965173 0.02708750000002169 126113.28999999972 0.0023920798000000017 0.0 61224.663315 80.51596460199004 2.2763450000020384
-37971.34352 3.5866300228855708 0.41270000000076834 299.98668584999996 2.2011292114427863 0.08790484999997261 126493.9100000001 0.0069053397000000075 0.0 56511.42604999998 78.59304532338305 12.463499999987107
-37979.85750500001 3.576353960696517 0.037764999997307314 299.9826819 2.207209965671643 0.005563599999902635 126875.30000000016 0.009667475499999965 0.0 51820.573025000005 78.44421372139303 0.9637250000050699
-37986.76910500001 3.458432064676618 0.03155500000139 300.02523099999996 2.1609213761194055 0.0013567000001160068 127257.44999999984 0.006328848299999993 0.0 47199.06085 76.63261256218905 1.4798599999849102
-37992.712275 3.508160212935321 0.004004999998869607 300.02199185000006 2.2062166263681586 0.12993044999998915 127640.38000000022 0.005348853100000004 0.0 42623.66263999998 76.37013437313428 4.326190000010683
-37997.84630500001 3.5741053159204 0.5906449999965844 300.0173638 2.2529841696517416 0.0690524000000039 128024.06000000006 0.007564420600000009 0.0 38087.33048499999 77.56318257711439 21.42706499999622
-38004.16901 3.5046546820895523 0.18460000001141452 299.9705632 2.2153046810945276 0.06309379999996167 128793.75 0.009264485299999962 0.0 29195.57251 79.26447875124379 10.506479999992735
-38005.54014499999 3.5056581238805986 0.056524999999965075 300.07488095 2.204861378606966 0.021955350000041562 129179.74000000018 0.0033829117000000078 0.0 24834.575495000005 77.55544821393036 1.9819550000083836
-38006.313645 3.5148917512437765 0.03323500000988133 300.05676399999993 2.184036888059702 0.08238629999993918 129566.50999999982 0.007689460799999993 0.0 20518.549684999998 76.39689652736318 0.42708500000117056
-38005.26843499999 3.5150413248756203 0.1266349999968952 300.03626804999993 2.2064765417910444 0.0026753499999472297 129954.0399999997 0.005167483000000005 0.0 16295.690925000006 75.99584407462689 6.251885000000584
