"Energy Ave" "Energy Std" "Energy Stdm" "Temp Ave" "Temp Std" "Temp Stdm" "Volume Ave" "Volume Std" "Volume Stdm" "Press Ave" "Press Std" "Press Stdm"
-37962.611999999994 3.385777100995024 0.0592199999919103 300.08138024999994 2.1639309840795997 0.005866049999980305 126113.28999999972 0.0023920798000000017 0.0 61214.54537499999 74.75937019402986 2.75817499999539
-37971.562325000006 3.5621523258706453 0.023554999996122206 300.0695309 2.2402137174129355 0.006734299999976656 126493.9100000001 0.0069053397000000075 0.0 56500.87746 77.02045087562185 0.8123299999970186
-37979.38858999999 3.493501937810947 0.174299999998766 300.01747535000004 2.192677475124377 0.010157550000030824 126875.30000000016 0.009667475499999965 0.0 51838.04393500001 79.00887278606963 5.6068149999809975
-37986.40769 3.471112630348262 0.12120999999024207 300.0924275500001 2.171302759701494 0.038757450000048266 127257.44999999984 0.006328848299999993 0.0 47210.63309499999 77.6401915870647 3.6405350000059116
-37992.64319999999 3.411280436815919 0.25301999999646796 299.99606245000007 2.162318898507463 0.01286154999999667 127640.38000000022 0.005348853100000004 0.0 42626.22099000001 73.58507995024871 8.415820000009262
-37997.22885 3.57903321044776 0.40545999998721527 300.0346268499999 2.2122492646766156 0.12448724999993033 128024.06000000006 0.007564420600000009 0.0 38110.425480000005 77.35911952238808 11.806410000001051
-38001.595539999995 3.4393903024875607 0.1060100000067905 299.9092484 2.221568689054726 0.11153969999992341 128408.5199999997 0.00895034319999999 0.0 33618.293865 76.56618472636818 0.4372650000077556
-38003.967554999996 3.4450131995024855 0.0021550000055867713 299.9737303500001 2.1696533333333345 0.06556704999999852 128793.75 0.009264485299999962 0.0 29203.479079999997 74.3384949353234 3.767940000007002
-38005.553174999994 3.5179395597014937 0.5646050000032119 300.0160699500001 2.226452209452736 0.04151455000001647 129179.74000000018 0.0033829117000000078 0.0 24837.45047500001 75.22159019900499 19.702054999997927
-38006.235075000004 3.4572675223880576 0.24171500000011292 300.03024569999997 2.1819460671641804 0.07762309999992567 129566.50999999982 0.007689460799999993 0.0 20519.543554999997 74.01689199004979 15.330295000003389
-38005.791764999994 3.4598832626865668 0.1644049999958952 300.0462218 2.2292305024875625 0.048978199999993415 129954.0399999997 0.005167483000000005 0.0 16274.724675000001 72.55891611442786 8.155974999998762
