"Energy Ave" "Energy Std" "Energy Stdm" "Temp Ave" "Temp Std" "Temp Stdm" "Volume Ave" "Volume Std" "Volume Stdm" "Press Ave" "Press Std" "Press Stdm"
-37962.12460499999 3.4319750129353226 0.4841749999941385 299.9580951 2.217793317412936 0.08274660000006406 126113.28999999972 0.0023920798000000017 0.0 61236.478245000035 74.78802267661689 14.866625000009662
-37971.458614999996 3.440642468159203 0.039925000004586764 300.0489102 2.171556115920399 0.04597019999997088 126493.9100000001 0.0069053397000000075 0.0 56502.379745 76.31905414427858 3.97621500000605
-37979.539385 3.4651775208955224 0.09850500001266482 300.00991895000004 2.188561215920397 0.03888625000001866 126875.30000000016 0.009667475499999965 0.0 51832.88495999999 74.69716974626866 6.17391000000498
-37987.16845499999 3.4403533860696514 0.2451249999976426 299.98274955 2.17804280199005 0.02568795000010482 127257.44999999984 0.006328848299999993 0.0 47184.90345500001 72.61182321890543 10.004815000007511
-37992.93278 3.5495041129353226 0.07420999998066691 299.97729325 2.202923002487564 0.07877925000005348 127640.38000000022 0.005348853100000004 0.0 42615.42479499999 80.32061580099501 5.324635000004491
-37997.74208000001 3.5322516273631863 0.17568000000392203 299.99267485 2.2042281492537317 0.09120414999989634 128024.06000000006 0.007564420600000009 0.0 38091.49057999999 75.92280752238807 2.7670799999978044
-38001.22957499999 3.431813860199005 0.2802650000048743 300.07214565000004 2.185950016915422 0.027155150000027106 128408.5199999997 0.00895034319999999 0.0 33626.496590000024 74.15407861194032 8.780420000006416
-38004.288264999996 3.5604390562189043 0.17782500000976142 299.90429844999994 2.187708610447762 0.09470454999998879 128793.75 0.009264485299999962 0.0 29197.768089999994 78.04388514427863 1.3489800000061223
-38005.53622000001 3.5096218940298534 0.3465399999950023 300.0602986 2.1858796417910438 0.018839400000018713 129179.74000000018 0.0033829117000000078 0.0 24834.835405 76.14085930348257 11.198284999998577
-38006.148539999995 3.4610519164179094 0.4372499999990396 300.02086800000006 2.2230677631840776 0.0006405999999969936 129566.50999999982 0.007689460799999993 0.0 20527.647155 73.51358961194033 16.890975000000253
-38005.560504999994 3.434883737313432 0.21191499999986263 299.95507354999995 2.1676617328358203 0.008068750000035152 129954.0399999997 0.005167483000000005 0.0 16289.945935 72.70194890049747 9.472305000002962
