"Energy Ave" "Energy Std" "Energy Stdm" "Temp Ave" "Temp Std" "Temp Stdm" "Volume Ave" "Volume Std" "Volume Stdm" "Press Ave" "Press Std" "Press Stdm"
-37962.43255999999 3.494296853233831 0.1724900000008347 300.05509075 2.1734935348258713 0.06159045000009655 126113.28999999972 0.0023920798000000017 0.0 61222.73683499999 77.55952561194032 3.5085650000110036
-37971.55234000001 3.5810808950248747 0.044880000004923204 300.0384044000001 2.2253793512437814 0.0070748999999921125 126493.9100000001 0.0069053397000000075 0.0 56499.927400000015 77.08339229353234 1.3620600000067498
-37980.01474499999 3.5353956298507474 0.000844999998662388 300.0092153500001 2.211016670646766 0.031877549999904886 126875.30000000016 0.009667475499999965 0.0 51813.59282500001 78.1517525323383 0.21164500001032138
-37986.76590500001 3.508357777114427 0.11071500000252854 300.01739299999997 2.222536116915423 0.09745009999988952 127257.44999999984 0.006328848299999993 0.0 47199.42307 73.1282867661692 9.133499999981723
-37992.61033000001 3.5842757174129365 0.09036000000560307 299.91824065000003 2.180397736815919 0.1015595499999904 127640.38000000022 0.005348853100000004 0.0 42632.13068 81.90160269154234 0.8412499999940337
-37997.621040000005 3.493487865174132 0.08288000000175089 300.006741 2.183794295522388 0.0032368000000246866 128024.06000000006 0.007564420600000009 0.0 38098.200695 76.6470810895522 3.0515050000030897
-38000.944715000005 3.4833965487562195 0.10740500000974862 299.99878045 2.135624529353233 0.08442924999997103 128408.5199999997 0.00895034319999999 0.0 33640.417025 78.11141147263683 1.419384999997419
-38003.943395 3.409977384079599 0.42769499999121763 299.94722605000004 2.1602159248756214 0.01323674999986224 128793.75 0.009264485299999962 0.0 29206.337380000004 73.59542146766167 14.643470000000889
-38005.85091499999 3.47856667761194 0.5212249999931373 299.99473705000014 2.1896058184079603 0.08411075000000778 129179.74000000018 0.0033829117000000078 0.0 24826.325279999994 73.7714662487562 14.542249999998603
-38006.15503 3.4902571442786066 0.16874999999708962 300.0438947500001 2.1970177308457712 0.05208565000003773 129566.50999999982 0.007689460799999993 0.0 20525.176165000004 78.32393211442785 4.930075000002034
-38005.72496 3.470216207960199 0.06812999999237945 300.1012386 2.2228148542288566 0.057499200000080464 129954.0399999997 0.005167483000000005 0.0 16277.148095000002 72.10750077114432 1.1044149999997899
