"Energy Ave" "Energy Std" "Energy Stdm" "Temp Ave" "Temp Std" "Temp Stdm" "Volume Ave" "Volume Std" "Volume Stdm" "Press Ave" "Press Std" "Press Stdm"
-37962.78405499999 3.591884797014923 0.16171499999472871 299.96526465 2.213348283084576 0.008155350000066619 126113.28999999972 0.0023920798000000017 0.0 61211.95221499999 79.24267865671644 5.870474999996077
-37971.65787000002 3.5138672890547267 0.6050600000016857 299.99178279999995 2.2145230945273635 0.11316460000006145 126493.9100000001 0.0069053397000000075 0.0 56500.58274999998 76.8811884726368 18.79719999999361
-37979.29634500001 3.4341937323383083 0.29421500000171363 300.0660156 2.173896897014924 0.1141345000000058 126875.30000000016 0.009667475499999965 0.0 51837.93870500002 75.91205912935327 5.99661500000002
-37986.77372499999 3.5998825019900487 0.1238549999834504 299.99758105000006 2.21034621840796 0.08385104999996429 127257.44999999984 0.006328848299999993 0.0 47200.63518499999 77.85669182587066 0.8167450000073586
-37992.736399999994 3.4019018815920403 0.05098000000725733 299.9534550999999 2.1593380273631846 0.01993819999995594 127640.38000000022 0.005348853100000004 0.0 42625.30065499999 73.14722302985075 3.3246849999923143
-37997.46149500001 3.4589190472636804 0.19890499999382882 299.96623105000003 2.18777115124378 0.04526154999999221 128024.06000000006 0.007564420600000009 0.0 38104.450845000014 69.85077657711443 3.1092750000061637
-38001.54578499998 3.4066310074626847 0.024215000001277076 299.9391749 2.184406265671642 0.037530799999956344 128408.5199999997 0.00895034319999999 0.0 33616.53603 72.10395643781096 2.718109999997978
-38004.04956500001 3.5032514915422888 0.4257050000123854 300.03883460000003 2.1979499298507457 0.08979050000004918 128793.75 0.009264485299999962 0.0 29198.927175000004 74.26907087064679 12.418225000001257
-38005.64480499999 3.567086414925375 0.32725499998559826 299.93025680000005 2.2158089253731337 0.012497299999978395 129179.74000000018 0.0033829117000000078 0.0 24837.237684999996 78.00057177114431 11.731934999996156
-38006.675865 3.485828484079602 0.10286499999710941 299.99678489999997 2.2134153064676627 0.054955500000005486 129566.50999999982 0.007689460799999993 0.0 20506.66014 76.05584267661686 3.9649400000016612
-38005.845564999996 3.4959029378109463 0.019935000011173543 299.95369159999996 2.2159521497512435 0.042240300000145226 129954.0399999997 0.005167483000000005 0.0 16275.345355 74.97967890547265 2.3445249999986117
