"Energy Ave" "Energy Std" "Energy Stdm" "Temp Ave" "Temp Std" "Temp Stdm" "Volume Ave" "Volume Std" "Volume Stdm" "Press Ave" "Press Std" "Press Stdm"
-37962.547569999995 3.404885147761196 0.08542999999554013 299.96592465000003 2.1891630258706467 0.033504650000026004 126113.28999999972 0.0023920798000000017 0.0 61221.326195 74.7148248059702 1.0930450000159908
-37971.54303 3.4806819681592045 0.40604999999777647 300.0339654999999 2.215322922885573 0.048919599999948105 126493.9100000001 0.0069053397000000075 0.0 56500.31357499999 75.22094947761197 13.54529499999262
-37980.13149000001 3.5683128318407973 0.26953999999386724 299.88977790000007 2.247737840796018 0.022192200000006324 126875.30000000016 0.009667475499999965 0.0 51816.266054999985 74.60844945771144 9.579964999993535
-37986.676150000014 3.5332737174129334 0.039319999999861466 300.06775560000005 2.2061710049751233 0.0019917000000191365 127257.44999999984 0.006328848299999993 0.0 47200.42719500001 77.2120772736318 2.4066150000035123
-37992.22699499999 3.45293946368159 0.0008949999901233241 299.97185649999994 2.2089359875621883 0.04181910000002631 127640.38000000022 0.005348853100000004 0.0 42645.657544999995 73.10384153731343 1.040354999993724
-37997.47448999999 3.486696148756216 0.2148999999917578 299.98811935000015 2.1636193179104475 0.0723152500000026 128024.06000000006 0.007564420600000009 0.0 38105.07498499999 76.18889885074623 5.66615499999898
-38001.04242500001 3.559246218905471 0.2760050000069896 300.03606250000007 2.222442399004974 0.06447349999993435 128408.5199999997 0.00895034319999999 0.0 33634.3531 77.92849569154231 13.40965000000142
-38004.364065 3.5540898935323386 0.11594500000137486 299.9336929499999 2.19127896119403 0.04650424999999814 128793.75 0.009264485299999962 0.0 29189.550405 77.38953545273628 2.4854850000210718
-38005.42266000001 3.599322793532337 0.3690500000047905 300.06470520000005 2.2097292910447752 0.06836629999997967 129179.74000000018 0.0033829117000000078 0.0 24839.023214999994 77.06835964179102 12.24678500000482
-38006.548299999995 3.4464802512437798 0.09049000000959495 299.89464485 2.1655684159203985 0.06068335000003344 129566.50999999982 0.007689460799999993 0.0 20515.070109999997 77.14244582089553 1.024939999999333
-38005.52938500001 3.5261462348258688 0.11105500000121538 300.04162975 2.181627876119403 0.0278387500000008 129954.0399999997 0.005167483000000005 0.0 16285.366325000003 76.42237735820892 3.522104999999101
