Step TotEng v_varAveEnergy v_energySTD Temp v_varAveTemp v_tempSTD Volume v_varAveVolume v_volumeSTD Press v_varAvePress v_pressSTD c_MSD[4] 
 2370000   -7570.6291   -7572.3759    1.6710774    304.67817    300.08806    5.9167127    24785.117    24785.117 0.0017940599   -29209.932   -29371.866    167.32799 1.9293196e-29 
 2375000   -7571.0588   -7573.1669    2.4169822    304.59679    298.99889    6.1202777    24785.117    24785.117 0.0017940599   -29177.722   -29380.828    323.81791  0.031351122 
 2380000   -7575.2315   -7575.4674    1.6592184    307.96219    301.52409    5.3371095    24785.117    24785.117 0.0017940599   -30424.664   -30110.664    280.80095  0.033720178 
 2385000   -7573.8032   -7574.6657    1.2859533    302.63724    300.38116     5.107378    24785.117    24785.117 0.0017940599   -29805.439   -29851.272    68.765962  0.037207372 
 2390000    -7572.633   -7572.9984    1.3658438    300.22526    305.02724    4.5584602    24785.117    24785.117 0.0017940599   -29323.886   -29597.146    220.90312  0.037345947 
 2395000   -7573.8072   -7573.5208    1.2331608    302.00176    298.39515    3.7953215    24785.117    24785.117 0.0017940599    -29775.31   -29504.949    198.52209   0.03931731 
 2400000   -7575.9179   -7574.4975    1.4043771    298.00398    299.75561    4.5567645    24785.117    24785.117 0.0017940599   -29970.298   -29749.617    128.36758  0.038507285 
 2405000   -7577.4318   -7574.5291    2.3384712    299.45729    299.98414    6.9063214    24785.117    24785.117 0.0017940599   -30459.968   -29777.565    301.47563  0.038194449 
 2410000   -7574.6675     -7572.64    1.8106785    298.64725    299.65191    4.1550893    24785.117    24785.117 0.0017940599   -29872.643     -29458.2    335.77029  0.041413783 
 2415000   -7575.9078   -7574.4815    1.7788272    294.95662    297.87864    5.0361884    24785.117    24785.117 0.0017940599   -29866.355    -29765.47    199.35437   0.04120591 
 2420000   -7573.2029   -7573.3067    1.5288974    295.64351    299.32049    5.0126225    24785.117    24785.117 0.0017940599   -29400.089   -29599.281     126.2986  0.040802342 
 2425000   -7574.4606   -7575.7058    1.4339892    299.69835    297.62482    3.3852427    24785.117    24785.117 0.0017940599   -29795.325   -29972.969    353.70614  0.039160077 
 2430000   -7570.6878   -7573.1708    1.4543492    307.87685    300.42064    5.0156359    24785.117    24785.117 0.0017940599   -29350.249   -29525.174    103.69344    0.0400194 
 2435000   -7571.0979    -7572.605    1.1598381      304.654    301.41787    4.9130669    24785.117    24785.117 0.0017940599   -29304.873   -29458.594    80.450684  0.041104941 
 2440000   -7571.2362   -7573.5056    1.5139369    302.82805    298.87581    4.0472344    24785.117    24785.117 0.0017940599   -29266.481   -29528.665    190.62104  0.041753413 
 2445000   -7573.9382   -7572.9408    1.1491348     302.0852    301.15467    4.5892393    24785.117    24785.117 0.0017940599   -29919.134   -29587.778    142.90233  0.039552567 
 2450000   -7574.6183    -7574.122     1.312714    295.14417    300.19368    5.4063609    24785.117    24785.117 0.0017940599   -29585.105   -29714.644    124.13207  0.040340319 
 2455000   -7574.4657    -7572.352     1.232697    297.61731    302.40029    4.8805693    24785.117    24785.117 0.0017940599   -29793.231   -29608.927    116.86811  0.041371295 
 2460000    -7574.149   -7572.6602    1.5179775    301.19751    302.70511    4.5668722    24785.117    24785.117 0.0017940599   -29870.397   -29548.892     256.8902  0.039838447 
 2465000   -7572.9348   -7572.5107    1.1747767    297.71777    300.57937    3.5548605    24785.117    24785.117 0.0017940599   -29336.268   -29398.845    111.36863  0.041644575 
 2470000   -7571.8323   -7571.3027    1.8437043     298.6498     301.2457    4.7759964    24785.117    24785.117 0.0017940599   -29099.016   -29114.386    266.85796  0.042146468 
 2475000   -7576.4633   -7575.1529    1.2544919    291.20811    298.33351    5.2220588    24785.117    24785.117 0.0017940599   -29798.115   -29856.551    65.669305  0.041212282 
 2480000   -7574.6866   -7574.1542    1.6922166    292.95243    299.54735    5.7850097    24785.117    24785.117 0.0017940599   -29518.949   -29737.213    161.74278   0.03996934 
 2485000   -7573.0387   -7574.0814    0.9793678    307.19576    300.66814    3.4385566    24785.117    24785.117 0.0017940599   -29761.786   -29659.139    113.12257  0.039754104 
 2490000   -7573.8652   -7573.9373    1.3030694    296.63275    302.75115    4.3878686    24785.117    24785.117 0.0017940599   -29521.552   -29835.024    219.28964  0.039917556 
 2495000   -7576.1984   -7575.8634    2.0346159    295.16248    298.56057    6.2866192    24785.117    24785.117 0.0017940599   -29916.933   -29975.082    216.87072  0.040611353 
 2500000   -7573.1905   -7571.3824    1.2602645    293.52956    300.95454    5.3812489    24785.117    24785.117 0.0017940599   -29214.208   -29229.461    161.46297   0.04055253 
 2505000   -7574.4326   -7574.0998    1.2200548    300.65352    299.22388    4.7991451    24785.117    24785.117 0.0017940599   -29829.201   -29644.575    138.27714  0.040320128 
 2510000   -7577.2356   -7575.1068    1.3840834     292.8229    298.70941     4.662806    24785.117    24785.117 0.0017940599   -30038.348   -29870.776    151.46063  0.040421636 
 2515000    -7574.911      -7573.1    1.5543833    295.97689    301.72012    5.3518715    24785.117    24785.117 0.0017940599   -29761.887   -29626.813    118.59443  0.039178157 
 2520000   -7571.3594   -7573.8349    2.1109337     300.9295    299.95391     5.531502    24785.117    24785.117 0.0017940599   -29223.257   -29709.535    257.04717  0.041216541 
 2525000   -7577.6631   -7575.7615     1.336708    290.77693    298.00632    4.8066905    24785.117    24785.117 0.0017940599   -30006.894   -29979.375     115.0655   0.04004566 
 2530000   -7576.5865   -7573.8976    1.1987839    290.84292    301.59417    5.7968083    24785.117    24785.117 0.0017940599   -29815.514   -29762.891    92.984837    0.0424478 
 2535000   -7575.4547   -7574.8052    1.2949383     296.6046    300.25694    5.4123944    24785.117    24785.117 0.0017940599   -29823.044   -29904.835    140.75633  0.042739801 
 2540000   -7574.9655   -7574.4684    1.1958801    292.51153    299.54728    3.8976777    24785.117    24785.117 0.0017940599    -29555.69       -29835    149.95833  0.041829968 
 2545000   -7575.0269   -7572.8131    2.1508288    301.92537    299.63405    4.8988956    24785.117    24785.117 0.0017940599    -30010.71   -29439.214    352.04535  0.042551418 
 2550000   -7574.8373   -7573.2065    2.3378064    301.68127    302.41837    6.0426624    24785.117    24785.117 0.0017940599   -29938.445   -29562.847    331.79245  0.042483555 
 2555000   -7572.5592   -7573.2935    1.3137014    308.59117    301.88313    5.4786778    24785.117    24785.117 0.0017940599   -29713.231   -29568.669    128.78868  0.042601134 
 2560000    -7574.973   -7573.9321    1.3168137    295.58208    299.99291    4.7275161    24785.117    24785.117 0.0017940599   -29761.237   -29702.716    121.50364  0.043369627 
 2565000   -7572.5736   -7573.0761    1.8128385     308.4724    298.93345     4.121738    24785.117    24785.117 0.0017940599   -29711.827   -29411.704    286.72893  0.042349983 
 2570000   -7575.1295   -7571.9972    1.6477991    288.72893    301.73267    7.1174037    24785.117    24785.117 0.0017940599   -29392.166   -29252.502    183.40331  0.040699027 
 2575000   -7574.8282   -7575.5124    1.6565257    301.74787    298.91763     5.367391    24785.117    24785.117 0.0017940599    -29959.29    -29942.91    164.17121  0.039346255 
 2580000   -7573.8224   -7573.6876    1.4589212    303.09572    300.35216    5.3610653    24785.117    24785.117 0.0017940599   -29789.334   -29612.852    276.06469  0.040368342 
 2585000   -7570.7991   -7571.9424   0.91847502    309.28279    303.58609    4.7089606    24785.117    24785.117 0.0017940599   -29463.275   -29457.346    128.28124  0.040669725 
 2590000   -7575.6352   -7575.0796    1.8016255    303.50964    300.31402    5.5995933    24785.117    24785.117 0.0017940599   -30297.945   -30002.165    198.11053  0.039503555 
 2595000   -7572.8046   -7573.6615    1.4466996    294.35921    298.99366     5.057082    24785.117    24785.117 0.0017940599   -29068.279    -29535.71    337.88881  0.041309057 
 2600000   -7573.7538   -7574.9351     1.177252    302.90226    299.53742    4.4727995    24785.117    24785.117 0.0017940599    -29768.93   -29896.387    117.97323  0.040564617 
 2605000   -7571.5741    -7574.635    1.5114352    309.46186    298.08252    6.0562044    24785.117    24785.117 0.0017940599   -29672.167   -29837.816    198.58201  0.041471413 
 2610000    -7578.115   -7575.9029    1.3376043    290.81177    300.72551    5.0535056    24785.117    24785.117 0.0017940599   -30199.354    -30219.23    129.10022  0.040396881 
 2615000    -7567.958   -7572.6417    2.1713418    308.59096     301.0314    5.0887066    24785.117    24785.117 0.0017940599   -28779.603   -29474.403    332.07079   0.04059372 
 2620000   -7574.8073   -7574.4116    1.5583089    295.25679     299.6661    4.5563606    24785.117    24785.117 0.0017940599   -29745.454   -29802.725    165.41181    0.0404598 
 2625000   -7573.0576   -7575.1631    1.7294157    307.58828     300.9288    6.2039254    24785.117    24785.117 0.0017940599   -29911.237   -29972.059    166.60363   0.03935926 
 2630000   -7568.5629   -7569.6732    1.5264188    304.48382    302.09924    5.8068232    24785.117    24785.117 0.0017940599     -28728.7   -28889.751    137.44664  0.040508042 
 2635000   -7576.1238   -7575.1194    1.4810564    293.78266    299.26026    4.6720612    24785.117    24785.117 0.0017940599    -29947.78   -30026.213    335.83284  0.039250205 
 2640000   -7575.6661   -7576.2701    1.2848816    298.82416    296.35717    4.3013717    24785.117    24785.117 0.0017940599   -30110.753    -30144.63    124.71946    0.0385602 
 2645000   -7571.5231   -7574.1072    1.4433396    303.50261     297.3841    5.2076627    24785.117    24785.117 0.0017940599   -29318.459   -29598.192    127.59148  0.040367917 
 2650000   -7573.7774   -7574.7652    1.4830066    303.76332     299.0538    5.0170787    24785.117    24785.117 0.0017940599   -29715.295   -29743.048    113.11794  0.039222843 
 2655000   -7575.3364   -7574.7802    1.2030157    297.96142    301.60806    4.4691195    24785.117    24785.117 0.0017940599   -29845.341   -29835.615    87.151274  0.039346497 
 2660000   -7573.7871   -7574.4673    1.5243626    297.16951    297.74353    4.4600091    24785.117    24785.117 0.0017940599    -29616.17   -29800.822    292.86092  0.039647687 
 2665000   -7576.3384   -7576.9287    1.5011492    297.22141    296.37683    5.6644567    24785.117    24785.117 0.0017940599   -30020.074   -30110.118    161.36522  0.040946356 
 2670000    -7573.333   -7570.4027      1.34505     288.1677     300.3597    4.4704021    24785.117    24785.117 0.0017940599   -28934.163   -28879.947    170.40104  0.041498203 
 2675000   -7571.7466   -7572.8259    1.4021459     303.2997    300.73655    5.2833149    24785.117    24785.117 0.0017940599   -29330.902   -29455.484    90.629912  0.039800635 
 2680000   -7576.4313   -7573.3059    1.7970405    293.21353    299.07574    4.9670849    24785.117    24785.117 0.0017940599   -29835.023   -29499.456    280.75086  0.041617146 
 2685000   -7574.7941   -7574.3299    1.4915828    300.21401    303.05544    6.8457908    24785.117    24785.117 0.0017940599     -29889.9   -29930.768    196.93592  0.040416469 
 2690000   -7574.1243   -7576.8871    1.6944187    297.81361    297.62699    5.1127248    24785.117    24785.117 0.0017940599   -29562.697   -30128.203    299.46541  0.040848988 
 2695000   -7574.4129   -7574.2662    2.1374547    299.28921    298.58125    5.9043693    24785.117    24785.117 0.0017940599   -29810.861   -29800.514    291.04937  0.041030617 
 2700000    -7571.036   -7573.1599    2.4027143    309.40223    299.18653    6.3748809    24785.117    24785.117 0.0017940599   -29554.715   -29556.787    242.10216  0.040264466 
 2705000   -7572.8135   -7573.0622    1.2516248    301.83925     299.7039    4.8245833    24785.117    24785.117 0.0017940599   -29596.149   -29495.013    72.859586  0.040227428 
 2710000   -7575.2219   -7573.4085    1.2736731    290.99576    297.94695    5.0733504    24785.117    24785.117 0.0017940599     -29521.9   -29455.184    156.88733  0.039878339 
 2715000   -7573.2307   -7575.0244    1.5589214     306.7909    297.89777     5.393751    24785.117    24785.117 0.0017940599   -29850.794   -29849.821    106.60203  0.039562556 
 2720000    -7574.978   -7575.4167    1.8361454    299.88277    298.87368    6.2710857    24785.117    24785.117 0.0017940599   -29853.682   -29904.894    189.89671  0.040061598 
 2725000   -7571.0868    -7572.796    1.7377128     304.0539    301.25018     5.302235    24785.117    24785.117 0.0017940599   -29227.809   -29539.436    305.73889  0.041931782 
 2730000   -7574.8926   -7573.3092    1.5044948     294.4076    299.64846    5.1130973    24785.117    24785.117 0.0017940599   -29618.286   -29468.927    171.41404  0.041819002 
 2735000   -7575.5656   -7575.5795    1.5666073    295.51827    298.09423    4.7666805    24785.117    24785.117 0.0017940599   -29766.235   -29862.509    224.49308  0.041651442 
 2740000   -7572.6025   -7574.1055    1.4786052    302.48653    301.01103    4.8424828    24785.117    24785.117 0.0017940599   -29354.918   -29624.479    205.08505  0.042026305 
 2745000    -7570.904   -7572.8591    1.0802249    306.34843    298.81965    4.6582191    24785.117    24785.117 0.0017940599   -29272.155   -29404.148     102.8607  0.044092305 
 2750000   -7573.0488   -7573.0095    1.3623122    299.01104    300.09057    5.0162055    24785.117    24785.117 0.0017940599    -29333.33   -29380.283    86.684337  0.042580666 
 2755000   -7574.3207   -7574.2485    1.2556636    298.48606    298.85948    4.8090989    24785.117    24785.117 0.0017940599   -29571.173   -29641.982    58.102928  0.042886653 
 2760000   -7574.5779   -7573.8279    1.3393564    297.96728    299.89965    5.0078059    24785.117    24785.117 0.0017940599   -29734.556   -29634.354     137.5849  0.041359261 
 2765000   -7575.3506   -7574.5343    1.1633767    302.41269    303.14714    4.7550121    24785.117    24785.117 0.0017940599    -30125.41   -29989.086    111.20684  0.039997022 
 2770000   -7578.0168   -7574.9585    1.3581216    292.95957    300.87469    4.6943425    24785.117    24785.117 0.0017940599   -30204.631   -29929.625    173.72814  0.040560348 
 2775000   -7572.9904   -7574.5556     1.910403    303.52338    297.81293    6.6295108    24785.117    24785.117 0.0017940599   -29614.311   -29700.782    129.61926  0.041422536 
 2780000   -7572.9994   -7575.3959    1.5154267    300.72793    299.83142    4.0123527    24785.117    24785.117 0.0017940599   -29579.983   -30016.201     226.8425  0.042713936 
 2785000     -7573.34   -7574.9165    1.2689161    302.14525    298.60682    4.1565876    24785.117    24785.117 0.0017940599   -29640.722   -29772.561    216.43389  0.041782928 
 2790000   -7577.3553   -7575.1023    1.4248395    293.91515    299.17176    5.4467749    24785.117    24785.117 0.0017940599   -29926.279    -29725.76     122.8971  0.040553568 
 2795000   -7572.4597   -7574.9594     1.457227    304.73875    299.38717    5.0104627    24785.117    24785.117 0.0017940599   -29490.528   -29758.662    129.15608  0.041807026 
 2800000   -7575.3233   -7572.9492     1.414052    291.00525    300.60697    6.1734504    24785.117    24785.117 0.0017940599   -29470.914   -29447.831    176.41453  0.042390973 
 2805000    -7574.725   -7575.3998    1.1708449    301.51144    301.65726    4.5287441    24785.117    24785.117 0.0017940599   -29959.553   -30044.517    123.06275  0.041702722 
 2810000   -7575.2726   -7574.0386    2.0160386    293.55164    298.59132    6.3539017    24785.117    24785.117 0.0017940599   -29721.403   -29642.646    269.58058  0.041623381 
 2815000   -7570.6322   -7571.5887    1.4278378    306.75127    301.87927    5.2955761    24785.117    24785.117 0.0017940599   -29185.851   -29182.242     72.27278  0.041824355 
 2820000   -7573.9789   -7571.7812    1.4789476    296.20621    302.21056    5.7275588    24785.117    24785.117 0.0017940599   -29567.383    -29307.86    190.31754  0.042235633 
 2825000   -7572.8359   -7573.8531    1.6916662    305.84355    299.00735    6.0150457    24785.117    24785.117 0.0017940599    -29667.47   -29573.099    174.92453  0.041502708 
 2830000   -7575.7776   -7573.8028    1.3391497    292.69233    301.39231    6.2019943    24785.117    24785.117 0.0017940599   -29742.853   -29630.216    135.36661  0.042184981 
 2835000   -7575.9689   -7573.9021    1.6491367    294.97802    300.82122    5.5503062    24785.117    24785.117 0.0017940599   -29827.961   -29704.979    185.80579  0.040299773 
 2840000   -7575.4033   -7574.4498    2.1798014    298.64325    298.94532    7.0613587    24785.117    24785.117 0.0017940599   -29982.363   -29803.915    216.99203  0.040871491 
 2845000   -7574.7553   -7574.1993    1.8436803    295.96674    300.17611    5.1549936    24785.117    24785.117 0.0017940599   -29679.258   -29776.424    229.27272  0.041469595 
 2850000    -7573.287   -7574.3083     1.282732    298.65778    300.33931    4.9248469    24785.117    24785.117 0.0017940599   -29394.562   -29802.058    269.41542  0.043580201 
 2855000    -7574.981   -7574.2337    1.5058133    301.19392    300.38987    4.7746988    24785.117    24785.117 0.0017940599   -29964.153   -29722.829     152.9775  0.041236444 
 2860000   -7573.7289   -7574.7108    1.5807353    305.28309    300.89496    6.1457243    24785.117    24785.117 0.0017940599   -29789.968    -29933.29    121.59568  0.041518856 
 2865000    -7571.907     -7571.75    1.4490977    296.05552    298.50382    4.7730413    24785.117    24785.117 0.0017940599    -29059.97   -29068.753    197.16242  0.042848642 
 2870000   -7574.5369   -7575.5773    1.2563516    300.31431    300.14361     4.326707    24785.117    24785.117 0.0017940599   -29706.584    -29960.97    129.25178  0.042061838 
 2875000   -7571.4189   -7574.4921    1.5033974    307.43614    299.21602     5.119496    24785.117    24785.117 0.0017940599   -29421.512   -29747.695    203.65319  0.041194319 
 2880000   -7575.1883   -7573.8376    1.1504521    289.06254    299.06224    4.6008785    24785.117    24785.117 0.0017940599   -29479.046    -29642.16    101.40647  0.043187761 
 2885000   -7575.5234   -7574.2117     1.615464    289.59315    300.00066    5.9961037    24785.117    24785.117 0.0017940599   -29472.767   -29684.849    236.85504  0.041769271 
 2890000   -7574.4522   -7574.0794    1.4192881    299.77757    300.92843    5.1721972    24785.117    24785.117 0.0017940599   -29831.851   -29772.843    100.76222  0.041081119 
 2895000   -7576.4005   -7574.8637    1.2782872    296.77822    303.04145    4.5028063    24785.117    24785.117 0.0017940599   -29987.928   -29942.097    88.144446  0.039789426 
 2900000   -7577.5958   -7577.4266    1.2453006    293.99343    296.43886    5.1754887    24785.117    24785.117 0.0017940599   -30187.099   -30253.577    101.74589   0.03921123 
 2905000   -7575.8004   -7574.5309    1.1681727    295.16673    299.61291    5.5384043    24785.117    24785.117 0.0017940599     -29907.1   -29758.045    153.89171  0.041204835 
 2910000   -7570.7619   -7572.6184    1.4531194    301.49608    301.24653    5.2469943    24785.117    24785.117 0.0017940599   -29087.602   -29484.932    197.29446  0.041154625 
 2915000   -7577.4086   -7574.2386    1.5189863    292.21283    297.08492     6.003858    24785.117    24785.117 0.0017940599   -30104.289   -29558.823    154.84347  0.039484767 
 2920000   -7574.5102   -7572.9733     1.239028    296.66939    300.14593    4.4854821    24785.117    24785.117 0.0017940599   -29696.865   -29502.406    171.32068  0.039932675 
 2925000   -7572.0921    -7572.928    1.6957816    307.12767    300.74664     5.453533    24785.117    24785.117 0.0017940599   -29625.664   -29542.769    205.96685  0.040185208 
 2930000   -7577.1983   -7575.1588    1.1252571    297.55482    298.67439    4.8429407    24785.117    24785.117 0.0017940599   -30218.958   -29851.275    180.15729  0.041096278 
 2935000   -7574.6035   -7573.2015    1.1748924     301.0174    301.83932    4.0279523    24785.117    24785.117 0.0017940599   -29876.174   -29607.932    161.26447  0.040605914 
 2940000   -7570.9885   -7572.2728     1.404307    305.83454    302.86619    4.8171351    24785.117    24785.117 0.0017940599   -29278.507   -29427.572    144.36966  0.040692612 
 2945000   -7574.4025   -7574.2025    1.0726278    298.55279    301.71425    3.5697613    24785.117    24785.117 0.0017940599   -29749.095   -29834.774     113.5303   0.04098595 
 2950000    -7571.973   -7572.2716    1.6806704    299.91174    300.82293    5.9018192    24785.117    24785.117 0.0017940599   -29262.428   -29320.368    113.74407    0.0404013 
 2955000   -7574.5762   -7574.9159    1.2996269     302.0267    299.31812    4.8347971    24785.117    24785.117 0.0017940599   -29832.053   -29789.783    82.153568   0.03987518 
 2960000    -7574.986   -7575.0537    1.5504132    300.92766    300.52541    4.4083865    24785.117    24785.117 0.0017940599    -30008.26   -29969.751    208.76187  0.039653124 
 2965000   -7577.1804   -7574.5511     2.602448     292.1144    300.72834    6.9494589    24785.117    24785.117 0.0017940599   -29966.361   -29837.197    288.21226  0.038680945 
 2970000   -7574.8329   -7574.1931    1.2419678    299.92202    300.95747    4.0330931    24785.117    24785.117 0.0017940599   -29869.207   -29778.596    160.25648  0.040480824 
 2975000   -7573.2871   -7572.8555     1.580515     303.0751    299.41718    4.9109193    24785.117    24785.117 0.0017940599   -29705.028   -29435.668    207.59889  0.039919298 
 2980000   -7572.2226   -7572.6578    1.2580881    304.61529    302.16222    4.5986328    24785.117    24785.117 0.0017940599   -29590.537   -29554.551    86.117731  0.039234301 
 2985000   -7572.4888   -7574.2202    1.7254157    302.69841    299.72906    5.2499395    24785.117    24785.117 0.0017940599    -29426.72    -29736.24    179.19318   0.04145779 
 2990000   -7577.7304   -7574.5441    1.1183261    287.41694      299.904    4.1464454    24785.117    24785.117 0.0017940599   -29877.878   -29804.886    179.19513  0.041448268 
 2995000   -7570.2731   -7571.9745    1.7372565    301.62196    299.57937    5.3466277    24785.117    24785.117 0.0017940599   -28926.719   -29153.983    235.88606  0.042716169 
 3000000   -7576.5181   -7574.0607    1.7521121    289.04249    299.05816    6.6958774    24785.117    24785.117 0.0017940599   -29705.007     -29648.9    89.148419  0.040736642 
 3005000   -7574.7683   -7575.0019   0.91904699    295.18944    300.34295    3.1869713    24785.117    24785.117 0.0017940599   -29853.752   -30054.685    90.083818  0.041863158 
 3010000   -7571.6072   -7573.7793    1.6202618    309.25983    299.29464    6.0811067    24785.117    24785.117 0.0017940599    -29626.78    -29619.64    126.05307  0.040602324 
 3015000   -7573.2415   -7572.0554     1.715492    297.66943    299.87497    5.9809662    24785.117    24785.117 0.0017940599   -29344.129   -29239.768    124.73461  0.039964453 
 3020000   -7571.6649   -7572.9226    1.4096589    298.41684    300.17834    3.9451933    24785.117    24785.117 0.0017940599    -29108.18   -29431.979    224.68845  0.040405533 
 3025000   -7573.4589    -7572.509    1.5918298    292.81197    302.91828    6.0010141    24785.117    24785.117 0.0017940599   -29326.842   -29671.339    214.54518  0.040435032 
 3030000   -7572.0544    -7572.587    1.6375967    300.15169     301.1996     5.539282    24785.117    24785.117 0.0017940599   -29351.238   -29518.352    192.91483  0.041373447 
 3035000   -7572.2291   -7574.5095    1.7013809    306.32954    299.74196    5.5054781    24785.117    24785.117 0.0017940599   -29685.485   -29852.997    156.45256   0.04102322 
 3040000   -7575.6872   -7573.0916    1.1785976    297.22601     302.0026    4.4901337    24785.117    24785.117 0.0017940599   -29908.184   -29582.231    211.83492  0.041245808 
 3045000    -7576.153   -7576.4817    1.3657765    300.72343    297.51333    4.2999816    24785.117    24785.117 0.0017940599   -30170.148   -30097.849    143.40092  0.040668512 
 3050000   -7569.0096   -7574.3124    1.6835365    311.63003    298.49921    6.3432149    24785.117    24785.117 0.0017940599   -29038.448   -29643.055    168.98093   0.04208834 
 3055000   -7573.4194    -7573.311    1.1657229    304.13769    300.56722    4.7215038    24785.117    24785.117 0.0017940599   -29899.035   -29571.815    176.39193  0.041159772 
 3060000   -7571.8492   -7572.7297    1.1454965     305.2422    303.70937    4.4923005    24785.117    24785.117 0.0017940599   -29520.342   -29643.227    63.212201  0.041336392 
 3065000   -7576.4097   -7573.2588    1.5555176    293.42979    299.54417    4.9185256    24785.117    24785.117 0.0017940599   -30055.647   -29651.651    152.05935  0.041102849 
 3070000   -7575.1592   -7576.0531    1.3055018    298.10522    296.22533    6.0328604    24785.117    24785.117 0.0017940599    -29884.82   -29988.594    130.89374  0.041312832 
 3075000   -7575.8466   -7575.1952    1.4234098    296.95149    299.86211    5.4171479    24785.117    24785.117 0.0017940599   -29955.321   -29893.334    96.956882  0.040439626 
 3080000   -7573.1287   -7573.8428    1.0710254    306.18526    300.27021    3.7814335    24785.117    24785.117 0.0017940599   -29734.646    -29623.08    141.17932    0.0399057 
 3085000   -7572.2437   -7572.4365    1.7470524    300.57458    302.03617    6.0688351    24785.117    24785.117 0.0017940599   -29209.402   -29394.772    139.48334  0.041307258 
 3090000   -7575.7992    -7573.314    1.0656971    294.90461    301.99774     3.967419    24785.117    24785.117 0.0017940599   -29823.987   -29657.273    128.38999    0.0418263 
 3095000    -7573.298    -7573.105    1.9172763    300.66632    301.62605    4.8827064    24785.117    24785.117 0.0017940599   -29673.575   -29590.521    259.75637  0.040509717 
 3100000   -7572.7587   -7573.9301    1.2031805    304.32322    299.34883    4.9270718    24785.117    24785.117 0.0017940599   -29584.781   -29619.323    141.88241  0.040839657 
 3105000    -7572.931   -7571.5051    1.8075112    299.74552    298.05963    4.9385828    24785.117    24785.117 0.0017940599   -29533.707   -29154.829    233.43401  0.041023545 
 3110000   -7574.1687    -7574.733    1.1418805    300.45416    298.83289    4.3084202    24785.117    24785.117 0.0017940599   -29749.571   -29804.501    64.792754  0.040415558 
 3115000    -7573.122   -7571.7082    1.7239399    300.90447    302.25306    5.0308645    24785.117    24785.117 0.0017940599   -29607.445   -29359.353    193.80121   0.04243202 
 3120000   -7570.8984   -7573.3135    1.2709325    306.80639    299.65314    4.4145513    24785.117    24785.117 0.0017940599   -29456.772   -29685.465    86.644448   0.04184152 
 3125000   -7575.8977   -7575.3261     1.573532    297.63357    298.71596    4.7616829    24785.117    24785.117 0.0017940599   -30032.007   -29960.991    203.26213  0.042663074 
 3130000   -7575.6482   -7575.4077    1.1294433    292.62971     296.1308    4.2298421    24785.117    24785.117 0.0017940599   -29606.191   -29819.387    183.39423  0.042470277 
 3135000   -7573.6001   -7572.5542    1.3764286    299.95749    302.07922    5.0103563    24785.117    24785.117 0.0017940599   -29678.967   -29539.619    150.73204  0.043134963 
 3140000   -7573.6338   -7574.8758     1.298447    302.94194    298.98275    4.6322806    24785.117    24785.117 0.0017940599   -29802.066   -29860.066    115.78432  0.042471474 
 3145000   -7574.9089   -7573.8452     1.434615    296.16852     301.1863    5.4424288    24785.117    24785.117 0.0017940599   -29735.728   -29752.216    135.71509   0.04182707 
 3150000   -7575.3109   -7574.6397    1.5547752    302.22322    298.80967    4.0984248    24785.117    24785.117 0.0017940599   -30137.185     -29774.7    268.64775  0.041802897 
 3155000    -7572.132   -7574.5124    1.7217841    305.58747    300.67546    4.9969447    24785.117    24785.117 0.0017940599    -29587.42   -29851.598    192.96926  0.041605953 
 3160000   -7576.7642   -7574.5927    1.3942562    294.18736    299.34935    4.6094036    24785.117    24785.117 0.0017940599   -29985.108   -29745.854    191.97456  0.041001141 
 3165000   -7570.4261   -7575.4139    1.9693412     313.7698    301.51567    5.1331266    24785.117    24785.117 0.0017940599   -29494.101   -29960.352    372.72231  0.040522658 
 3170000   -7577.8452    -7576.079    1.1929979    287.87703    296.44687    4.4970184    24785.117    24785.117 0.0017940599   -30005.534   -29950.899    146.81135  0.041275394 
 3175000   -7576.4432   -7574.7678    1.9591504    298.37399    299.38346    5.6769458    24785.117    24785.117 0.0017940599   -30083.678   -29747.704    193.91011  0.039209551 
 3180000   -7574.9535   -7574.7446    1.1689403    297.80711    298.98285    5.6151282    24785.117    24785.117 0.0017940599   -29738.996   -29836.105    89.140471  0.039376541 
 3185000   -7575.3372   -7574.3767    1.6532823    294.58518    298.35954     5.209528    24785.117    24785.117 0.0017940599   -29797.871   -29836.992    195.32551  0.040675895 
 3190000   -7578.3802   -7574.8649    2.1836708    286.04208    297.77963    5.7147792    24785.117    24785.117 0.0017940599    -30015.61    -29848.83     317.8715  0.040123533 
 3195000   -7572.4493   -7574.0386    1.5547344    302.32094    298.55331    4.7549118    24785.117    24785.117 0.0017940599   -29386.572     -29590.3    156.55975  0.041338623 
 3200000     -7572.02   -7572.9038    1.5201507    298.93642    301.33162    5.5230128    24785.117    24785.117 0.0017940599   -29225.623    -29567.07     196.8747  0.041416023 
 3205000    -7575.709   -7574.0557    1.4733973    289.53151    299.09054    6.0680386    24785.117    24785.117 0.0017940599   -29553.407   -29650.275    166.98524  0.042302777 
 3210000    -7571.324   -7572.2008    1.2856598    301.03532    302.56648    6.2721101    24785.117    24785.117 0.0017940599   -29102.244   -29344.365    178.46219  0.041501429 
 3215000   -7573.2733   -7574.8689    1.3104047    297.50321    296.15103    5.7873304    24785.117    24785.117 0.0017940599   -29404.871   -29697.431    125.51853  0.041948133 
 3220000   -7572.8725   -7576.3397    2.2624912    299.39149    297.91543     5.653558    24785.117    24785.117 0.0017940599   -29417.301   -30172.809    365.72596  0.040605822 
 3225000   -7575.8739    -7574.398    1.3782582    297.50204    300.90622    4.7502151    24785.117    24785.117 0.0017940599   -29965.674    -29882.67     122.1183  0.041181339 
 3230000   -7571.5157   -7573.3836    1.7246555    306.38489    299.32384    4.9488866    24785.117    24785.117 0.0017940599     -29436.2   -29546.066     285.3895  0.040171988 
 3235000   -7572.3082   -7574.6835    1.7284965    307.08817    300.82766    6.7627892    24785.117    24785.117 0.0017940599   -29609.917   -29855.003    115.79175  0.040271495 
 3240000   -7574.3544    -7573.683    1.2176408    294.68034    297.26543    5.6804675    24785.117    24785.117 0.0017940599   -29643.218   -29552.236    132.65963  0.039626361 
 3245000   -7573.6876   -7573.4915    1.0760587    297.01084    295.41308    4.1019274    24785.117    24785.117 0.0017940599   -29342.235   -29271.411    53.718046  0.040205797 
 3250000   -7573.6314   -7574.7705    1.2694831    304.27969    301.03849    4.1568511    24785.117    24785.117 0.0017940599   -29867.921   -29919.776    144.43864  0.040833412 
 3255000   -7574.6041   -7573.2073    1.1786656    296.89751    300.83456     5.317748    24785.117    24785.117 0.0017940599   -29702.642   -29540.031    132.85243  0.039812831 
 3260000   -7573.6991   -7574.6239    1.5256527    302.70403    298.46325    5.2627265    24785.117    24785.117 0.0017940599   -29761.691   -29743.858     173.2917  0.040112944 
 3265000   -7577.5969   -7575.7051    1.2253399    294.03327    298.47793    4.6888959    24785.117    24785.117 0.0017940599    -30163.22   -29913.188     126.0443   0.03943907 
 3270000   -7575.0931   -7574.8077    1.5837743    303.31427    297.95335      5.66949    24785.117    24785.117 0.0017940599   -30084.212   -29810.126    229.78105  0.040292886 
 3275000   -7576.8542   -7573.1834    2.3522907    291.56554    300.13012    4.8227751    24785.117    24785.117 0.0017940599   -29982.386   -29633.809    338.19896  0.039827639 
 3280000   -7578.1455    -7575.044    1.5771482    293.36478    301.43497    4.7215059    24785.117    24785.117 0.0017940599   -30293.531   -29968.757    262.58992  0.039421995 
 3285000   -7575.6907   -7575.4057    1.5963809    301.85106    302.25674    5.7275754    24785.117    24785.117 0.0017940599   -30131.163   -30098.538    196.98775  0.039301587 
 3290000   -7573.8937   -7573.7309    1.9259466    296.87293    300.11086    5.7498467    24785.117    24785.117 0.0017940599   -29427.549   -29541.269    290.24812  0.041862503 
 3295000   -7574.3642   -7576.5365    1.5652915    300.49374    297.24955    4.3297565    24785.117    24785.117 0.0017940599   -29809.881   -30133.121    226.17682  0.040444347 
 3300000   -7572.3784   -7574.7702    1.4214077    298.91489    295.63742    5.5330712    24785.117    24785.117 0.0017940599   -29310.286   -29710.334      219.199   0.04282803 
 3305000   -7574.7986   -7573.6144    1.3001492    301.66102    302.18868    5.1475273    24785.117    24785.117 0.0017940599   -29844.816   -29636.478    192.79546  0.040579014 
 3310000   -7572.1237   -7571.7468    1.2666569    306.84828    301.54031    4.8866648    24785.117    24785.117 0.0017940599   -29619.467   -29258.238    151.15326  0.041012224 
 3315000   -7570.3934   -7569.0498    1.4561624    299.23709    301.63755    4.6953127    24785.117    24785.117 0.0017940599   -28969.804   -28769.929    163.66733  0.042289224 
 3320000   -7573.4577   -7572.5505    1.7031275    307.53732    303.08261    4.5999412    24785.117    24785.117 0.0017940599   -29957.991    -29574.34    295.31216  0.039682143 
 3325000   -7572.0685     -7572.84    1.5143652    299.96895    300.46186    6.4455898    24785.117    24785.117 0.0017940599    -29241.68   -29456.639    76.224969  0.040063769 
 3330000   -7576.6405   -7575.7785    1.4474203    294.45909    300.94807    4.3560353    24785.117    24785.117 0.0017940599   -29959.889   -30128.223    196.46402  0.041131546 
 3335000   -7573.7004   -7573.9108    1.1758573    297.37409    300.00508    4.8398888    24785.117    24785.117 0.0017940599    -29539.15   -29670.708    93.617541  0.040541734 
 3340000   -7576.1961   -7573.4277    1.2774844    293.76716    303.12776    5.1239942    24785.117    24785.117 0.0017940599   -29847.882   -29674.424    136.74521  0.041337374 
 3345000   -7573.4494   -7573.9237    1.4410256    295.44186    298.56296    5.6208662    24785.117    24785.117 0.0017940599   -29358.683   -29624.398    108.27024  0.041349484 
 3350000   -7572.1097     -7573.21    1.4032898    300.24031    302.04945    5.4966867    24785.117    24785.117 0.0017940599   -29315.698   -29638.805    125.42183  0.041151147 
 3355000   -7572.3481   -7572.8252    2.1089714    301.84745    300.71157    5.5250694    24785.117    24785.117 0.0017940599   -29440.686   -29431.316    351.50647  0.041005808 
 3360000   -7570.3866   -7572.0621    1.2061671    303.98427    300.08501    4.2760721    24785.117    24785.117 0.0017940599   -29147.395   -29403.625    125.53993  0.041467335 
 3365000   -7575.3786   -7577.1137    1.9272043    305.41644    298.12937    6.0276948    24785.117    24785.117 0.0017940599   -30201.812   -30235.222    205.81059  0.039644315 
 3370000   -7574.6338    -7574.108    1.4954762    298.87414    302.97702    5.0773234    24785.117    24785.117 0.0017940599    -29752.07    -29805.76    144.81694  0.041313719 
