"Energy Ave" "Energy Std" "Energy Stdm" "Temp Ave" "Temp Std" "Temp Stdm" "Volume Ave" "Volume Std" "Volume Stdm" "Press Ave" "Press Std" "Press Stdm"
-2450.8921746499996 11.484933853073477 0.01877025217292958 1999.7768668499998 55.466435266366744 0.04158006314710681 7763.123309400001 41.09784709145429 0.06670398666275534 760599.5991599999 11710.814236881568 20.39527325397901
-2579.3415224499995 10.40336767066466 0.015453518054011225 1999.920253149999 55.46621676111955 0.015535475494035965 8121.323561650002 37.54299172463764 0.07708157416815073 615227.3433200001 9856.040235332315 19.64263988909423
-2670.8419454499995 9.732160558320818 0.026076253558587857 1999.6728709500003 55.50411138380815 0.06481047418991323 8490.36009635 33.17265893253371 0.08824463269354643 490877.120545 8161.080954372811 24.187851221286408
-2738.2019714999997 9.35192145162419 0.022447462454774386 1999.9643485000001 55.43769226886548 0.02035039062879172 8870.416892700001 28.42953412393808 0.10893563766477957 380870.5415849999 6672.693549625191 25.932962714148694
-2773.1246861500003 9.189650240429776 0.02891965985656997 2000.0582958000007 55.38985789555224 0.06543907826565411 9261.668150900001 23.187274873563144 0.15929822149519637 285545.3639100001 5420.413951524223 34.468955955897016
-2831.6366774000007 9.23482441844076 0.05275008236145694 1999.9444316999998 55.58982338130937 0.061485823226996354 9664.19869325 15.437319253373285 0.2606553572138814 202283.09173999997 4346.398619140432 53.334438834348404
-2814.0699070999995 9.457008785657163 0.10338722756002745 1999.6385628 55.72477060669662 0.3456938826270759 10077.695999999998 0.0035963756083708105 0.0 139069.93674499998 3375.5086812593663 37.60963358505543
-2820.4879278 9.637329992503764 0.08847787256454535 2000.1971343500002 55.54934053373316 0.10799857181503834 10502.356966999998 20.28662831684156 0.9096732790675947 82960.4469655 4064.2771675662193 114.8770354243754
-2708.7659108 24.771427126436727 7.969861285062885 1999.7022407500003 55.69316266016996 0.17604346959451656 10938.874622500001 40.700277959520214 1.736286845520413 76903.5085405 11896.820336931545 3805.1600320417792
-2714.4205837999993 13.550479090954502 0.7515997457543178 1999.8040411500006 55.60503449225379 0.06259472370836207 11388.615725 50.115097499250346 0.92007578055997 34898.84532949999 6297.424905397312 284.7843156953925
-2676.9509178 11.388679520239904 0.15547099820754712 1999.8362676000002 55.54425789405297 0.10775769078881493 11850.456824 57.28215498650678 0.5942526336620831 -119.3456053035 5465.812766466777 22.09634618432141
