Step TotEng v_varAveEnergy v_energySTD Temp v_varAveTemp v_tempSTD Volume v_varAveVolume v_volumeSTD Press v_varAvePress v_pressSTD c_MSD[4] 
  970000   -7567.9033   -7569.6076    1.5589778    303.78942    299.35608    4.7404587    24416.663    24416.663 0.0009765625   -9223.6678   -9415.2142    224.52317 4.4507471e-29 
  975000   -7570.6478   -7569.3834     1.608116    296.72121    301.01809    5.1907882    24416.663    24416.663 0.0009765625   -9455.3257   -9368.3739     164.6389  0.030099098 
  980000   -7571.5352   -7569.2112    1.1736971    293.67499    301.74274     4.753213    24416.663    24416.663 0.0009765625   -9471.7968   -9253.7622    175.55439  0.034610931 
  985000   -7568.3422   -7570.2684    1.5718083    308.34004    297.71295    6.1793579    24416.663    24416.663 0.0009765625   -9570.8805   -9464.5169    124.14149  0.034421189 
  990000   -7564.8911   -7568.2609    1.9742762    302.52068    297.90039    5.2090831    24416.663    24416.663 0.0009765625   -8378.0783   -8957.4427     255.7856  0.036174796 
  995000    -7567.203   -7570.6554    1.8144526     306.3967    299.04391    7.0509192    24416.663    24416.663 0.0009765625   -9232.1301   -9615.7795    160.63879  0.036355383 
 1000000   -7568.7322   -7569.2789    1.2493354    294.51407    298.46987    3.8668599    24416.663    24416.663 0.0009765625   -8916.8691   -9217.6864    171.39965   0.03620584 
 1005000   -7567.8932   -7568.3826    1.4459139    299.90299    301.05805    4.1160154    24416.663    24416.663 0.0009765625   -9048.2317   -9182.1036    237.46239  0.035808366 
 1010000   -7568.3921   -7568.1842   0.96527737    302.76286    299.02702    3.6754946    24416.663    24416.663 0.0009765625   -9266.8742   -9004.9053     97.80264  0.035756408 
 1015000   -7564.9757   -7567.8933    1.4378478    310.03822    299.36974    5.4236875    24416.663    24416.663 0.0009765625   -8876.8018   -8993.5032    245.83779  0.035930967 
 1020000    -7567.543   -7567.6767    1.3858666    299.35507    300.72655    3.4236666    24416.663    24416.663 0.0009765625   -8795.6986   -8986.3757    265.80567  0.037237755 
 1025000   -7568.9124   -7568.0527    1.5007103    300.55705    300.67373     5.563645    24416.663    24416.663 0.0009765625   -9342.7809    -9078.371    212.25998  0.036799727 
 1030000   -7566.5406   -7567.9689    1.2338969    305.98171    299.30956    4.8249885    24416.663    24416.663 0.0009765625   -9024.1975   -8967.4462    116.37729  0.036162964 
 1035000   -7566.0448   -7570.0183    2.1105071    302.38673    296.72299     3.744825    24416.663    24416.663 0.0009765625   -8665.5057   -9316.6922    406.67199  0.036724373 
 1040000   -7572.5984   -7571.3129    1.4000529    294.64556    297.93782    3.6927052    24416.663    24416.663 0.0009765625    -9796.253   -9544.3985    197.81409  0.035828224 
 1045000    -7568.201   -7568.6474    1.3372626    305.77893    299.93088    5.9171268    24416.663    24416.663 0.0009765625   -9433.7334   -9209.4075     149.5076  0.035567057 
 1050000   -7567.8868   -7567.0538    1.0280771    300.28548    302.16622     4.028157    24416.663    24416.663 0.0009765625   -9036.1168   -8924.6358    75.621021  0.036526456 
 1055000   -7568.2069   -7566.8171    1.4910835    300.39995    300.56658    5.8844356    24416.663    24416.663 0.0009765625   -9108.1841    -8798.483    128.18046  0.037243949 
 1060000   -7565.4447   -7567.8267    1.4576364    308.39293     298.5999    5.4025371    24416.663    24416.663 0.0009765625   -8723.0939   -8907.2008    243.66504  0.038469371 
 1065000   -7567.3279   -7566.9609     1.476826    296.96792    303.40421    6.0341957    24416.663    24416.663 0.0009765625   -8624.3759   -8909.5451    140.33045  0.038245401 
 1070000   -7569.9629    -7567.048     1.622966    294.97545    301.58497    4.9687935    24416.663    24416.663 0.0009765625    -9293.716    -8953.352    207.95251  0.037801019 
 1075000   -7566.5228   -7569.5712    1.9398833    306.62688    300.22941    5.2435505    24416.663    24416.663 0.0009765625   -9021.1291    -9445.777    228.73474  0.036947586 
 1080000   -7570.1314   -7567.9284    1.5324117    295.38295    301.01895    5.7715352    24416.663    24416.663 0.0009765625   -9241.2375   -8998.9348    106.94891  0.037143208 
 1085000   -7570.1222   -7569.2671    1.2154858    302.36158    299.30476    4.5530946    24416.663    24416.663 0.0009765625     -9615.01   -9240.3113    158.05613  0.035681846 
 1090000   -7568.7311   -7570.7702    1.3021942      302.766    297.23215    4.8734441    24416.663    24416.663 0.0009765625   -9235.1498    -9480.895    147.57813  0.036722276 
 1095000   -7569.3137   -7570.5898    1.5893054     305.4557    298.84233    3.9652511    24416.663    24416.663 0.0009765625   -9452.9626    -9516.216      256.399  0.034800584 
 1100000    -7569.576   -7567.8026    1.4161699    297.72977    303.31625    4.6105838    24416.663    24416.663 0.0009765625   -9211.2749   -9155.8475    116.39227  0.036232086 
 1105000   -7569.5472   -7568.6728    1.3159603    298.05016    300.80951    4.7608795    24416.663    24416.663 0.0009765625   -9371.6972   -9287.6616    90.353266   0.03669301 
 1110000   -7571.3779   -7569.5754    1.7243098    289.75699    300.10599    6.0527294    24416.663    24416.663 0.0009765625   -9242.1231   -9371.6222    207.95521   0.03700506 
 1115000    -7566.672   -7567.3311    1.4143773    305.49973    298.98921     5.529177    24416.663    24416.663 0.0009765625   -8990.5308   -8845.9823    117.51724  0.038412837 
 1120000   -7570.4604   -7569.0857    1.6658803    296.55289     301.0738    5.0663369    24416.663    24416.663 0.0009765625   -9339.7656   -9206.1609    172.76451   0.03653205 
 1125000   -7564.9219   -7565.2581     1.350784    301.35293    301.20642    4.1493269    24416.663    24416.663 0.0009765625   -8421.5694   -8457.7979    127.26042  0.039294937 
 1130000   -7566.8963   -7568.7253    1.6311078    297.76569    300.47042    4.6865429    24416.663    24416.663 0.0009765625   -8709.8814   -9274.1811    242.32166  0.038449934 
 1135000   -7567.0413   -7569.9673    1.8014842    304.86452    299.47711    6.4314616    24416.663    24416.663 0.0009765625   -8964.7737   -9367.5138      173.126  0.037743415 
 1140000   -7566.8832    -7569.369    1.2814412    307.60533     300.7737    5.6342215    24416.663    24416.663 0.0009765625   -9061.2478   -9342.3697     88.03944  0.037233917 
 1145000   -7568.4224   -7568.0879    1.2719639    298.46464    300.47017    4.7574547    24416.663    24416.663 0.0009765625   -9037.6969   -8995.9373    93.380851  0.037084435 
 1150000    -7569.391   -7568.8222    1.8899761    298.75942    302.14471    4.6371484    24416.663    24416.663 0.0009765625   -9268.5683   -9311.0679    301.11309  0.035869985 
 1155000   -7567.1993   -7566.5956     1.271586    302.90799    301.24137    4.2485955    24416.663    24416.663 0.0009765625   -8915.9837   -8735.0908    115.09541  0.035419127 
 1160000   -7572.6184   -7570.2131     1.236558    291.20826    300.37022    4.2133188    24416.663    24416.663 0.0009765625   -9621.0675   -9468.3253    156.43313  0.035153958 
 1165000    -7565.356   -7568.3888     1.367759    308.02159     300.9212    4.1212416    24416.663    24416.663 0.0009765625   -8815.7992   -9113.0438    149.71257  0.036772472 
 1170000   -7570.5598   -7569.2947    1.2519785    289.32205    296.77437    4.5537472    24416.663    24416.663 0.0009765625   -9156.0794   -9167.2604    107.12458  0.037218554 
 1175000   -7567.6843   -7569.6136    1.6768803    306.47979    298.54171    5.7669599    24416.663    24416.663 0.0009765625   -9214.5718    -9288.968    139.75052  0.036453852 
 1180000   -7569.1734    -7568.953    1.1131766    295.45925    298.85663     4.495517    24416.663    24416.663 0.0009765625    -9024.209   -9125.2766    64.963593  0.037819219 
 1185000   -7566.3772    -7568.508    1.4963801     304.3412    298.60327    4.5700297    24416.663    24416.663 0.0009765625   -8813.1288   -9047.8149     249.6415   0.03760953 
 1190000    -7568.203   -7568.8902    1.5044776    297.97624    299.44552    4.7262401    24416.663    24416.663 0.0009765625   -9003.2133   -9246.1323    255.11736  0.036618289 
 1195000   -7567.6368   -7567.1405    1.5619453    296.17715    302.38153    6.0419755    24416.663    24416.663 0.0009765625   -8754.1573   -8941.1502    151.21809  0.038718118 
 1200000   -7563.7252   -7568.3915    2.1350761    308.54065    298.22707    5.9780374    24416.663    24416.663 0.0009765625   -8406.2876    -8970.484     234.4766  0.039384916 
 1205000   -7569.3666    -7569.898    1.5229394     298.2491    296.99029    5.4655581    24416.663    24416.663 0.0009765625    -9264.196   -9322.2254    101.99915  0.037922383 
 1210000   -7568.4298   -7569.0274    1.2754334    307.11489     300.5205    5.3903662    24416.663    24416.663 0.0009765625   -9419.5676   -9263.5144    101.71712  0.036706727 
 1215000   -7572.0952   -7570.0954    1.3287595    287.77645    298.96579    4.9228876    24416.663    24416.663 0.0009765625   -9405.0237   -9412.7353    93.536122  0.036369986 
 1220000    -7567.986   -7567.7629    1.7058897    295.76524    298.87912    4.3514817    24416.663    24416.663 0.0009765625   -8835.6919   -8937.2379    335.03115  0.035988985 
 1225000   -7572.3803     -7568.67    2.4094695    292.42583    302.12229     4.822218    24416.663    24416.663 0.0009765625   -9672.5472   -9286.6868    445.40558  0.036442969 
 1230000   -7571.6614   -7569.8821    1.1030263    291.55962    302.44169    4.5430494    24416.663    24416.663 0.0009765625   -9463.4507    -9599.142    106.44147  0.037074085 
 1235000   -7571.0878   -7570.1627    1.4648754    299.69149    298.38167     4.551093    24416.663    24416.663 0.0009765625    -9744.697    -9416.863    170.60659  0.036670486 
 1240000   -7568.7981   -7570.2749    1.5468226    301.14765    299.61785    4.9527379    24416.663    24416.663 0.0009765625   -9219.7064   -9462.9267    194.26596  0.036105727 
 1245000   -7571.9593   -7569.3603    1.5062673    291.96233    300.77838    4.6391946    24416.663    24416.663 0.0009765625   -9396.6956   -9244.6217     196.4329   0.03636534 
 1250000   -7565.0733   -7568.6979    1.5140082    302.95042    299.74158    3.9984051    24416.663    24416.663 0.0009765625   -8541.6133   -9203.3298    242.86946  0.036654089 
 1255000   -7571.4592   -7567.1357     2.230276    292.94106    299.57495    6.3892467    24416.663    24416.663 0.0009765625   -9605.6803   -8857.9672    316.97361  0.038792184 
 1260000   -7571.5602   -7571.1101    1.2622496    296.74387    296.24646    4.8019131    24416.663    24416.663 0.0009765625   -9635.0613   -9500.5888     116.0882  0.037622064 
 1265000   -7568.8669   -7570.2276    1.4093751    302.27369    298.63491     5.141117    24416.663    24416.663 0.0009765625   -9270.7073   -9388.7916    114.78384  0.037061224 
 1270000   -7567.4979   -7568.3114    1.7214708    296.29436    299.93299    5.7094918    24416.663    24416.663 0.0009765625    -8700.885   -8983.3522    139.00521  0.040902034 
 1275000   -7566.4325   -7568.9763    1.3027358    309.01051    299.90527    5.6019895    24416.663    24416.663 0.0009765625   -9160.9659   -9262.1254    83.393407   0.03950233 
 1280000   -7567.3321   -7568.9614    1.4374644    298.64794    300.14444    4.9407754    24416.663    24416.663 0.0009765625   -8894.8936   -9315.8524    143.38611  0.040331725 
 1285000   -7566.8836   -7570.3534    1.1027439     307.8655    297.48474    3.6180051    24416.663    24416.663 0.0009765625   -9128.4704   -9515.1869    127.33454  0.037933233 
 1290000   -7570.7518   -7567.2271    1.5367536     293.1609    301.26605    5.8500888    24416.663    24416.663 0.0009765625   -9360.0766   -8909.9843    149.55774  0.038497588 
 1295000   -7568.8706   -7569.2844    1.4730643    297.97444    299.09652    5.5552641    24416.663    24416.663 0.0009765625   -9079.9349   -9239.3789     237.8919  0.037307393 
 1300000   -7567.2159   -7566.7809    2.8100965    299.67524    300.68327    3.7404367    24416.663    24416.663 0.0009765625   -8830.0625   -8796.1429    534.55787  0.037063556 
 1305000   -7567.2757   -7568.1209    1.4726736    311.91057    299.78835     4.231717    24416.663    24416.663 0.0009765625   -9380.2862   -8943.4725    270.34575  0.038549042 
 1310000   -7566.5166   -7568.3435    1.2820898    304.48245    301.50173     5.625748    24416.663    24416.663 0.0009765625   -8797.6557   -9091.5541    141.22746  0.038469322 
 1315000   -7566.9329   -7567.3161    1.3039769    300.74018    299.56366    5.4813802    24416.663    24416.663 0.0009765625   -8758.6586     -8813.69    139.19791  0.038012587 
 1320000   -7568.7465   -7567.8443    1.3770954    300.52555    301.24362    4.1847123    24416.663    24416.663 0.0009765625   -9182.9754   -8974.1396    260.39556  0.037385245 
 1325000   -7567.2575   -7566.7428    1.2981208    298.58407    302.54023    4.8895691    24416.663    24416.663 0.0009765625    -8810.807   -8845.0586    203.23169   0.03895913 
 1330000   -7567.1789   -7566.7663    1.8065358    306.80979    301.44296    6.3379927    24416.663    24416.663 0.0009765625   -9116.5203   -8775.2028    293.64801  0.037169147 
 1335000   -7568.3018   -7571.7287    1.5831595    307.83241    299.64717    4.6815269    24416.663    24416.663 0.0009765625   -9359.9842   -9711.1051    128.79042   0.03749678 
 1340000   -7570.1706   -7567.9583    1.2198438    292.58393    298.48149    3.9304077    24416.663    24416.663 0.0009765625   -9211.6409   -8946.0406    172.60879  0.037716696 
 1345000   -7568.2097   -7567.0947    1.5359064    294.83599    301.31951    5.3872024    24416.663    24416.663 0.0009765625   -8793.3979   -8879.9564    196.32104  0.037891851 
 1350000   -7571.9506   -7569.1742    1.2737048    290.42063    299.63736    5.1708793    24416.663    24416.663 0.0009765625   -9441.0229   -9293.9291    138.11712  0.038182873 
 1355000   -7567.7533   -7569.2866    1.5318029    302.41438    300.50471    4.3564448    24416.663    24416.663 0.0009765625   -9099.6396   -9376.0213    206.67258  0.038279131 
 1360000   -7570.9639   -7569.3611    1.7736751    294.20981    298.60058    5.7590373    24416.663    24416.663 0.0009765625   -9398.6393   -9203.7148    183.19224  0.037205795 
 1365000   -7568.9715   -7569.9847    1.1311498    304.93388    300.21988    3.8038474    24416.663    24416.663 0.0009765625   -9504.7987   -9491.1909    164.02072  0.037129214 
 1370000   -7570.5478   -7569.8347    2.1534284    299.66313    298.76148    5.1675171    24416.663    24416.663 0.0009765625   -9758.6416   -9452.5402    368.70499  0.036875078 
 1375000   -7567.3953   -7569.4375    1.1983274    302.47456     298.9639    4.5609395    24416.663    24416.663 0.0009765625    -9034.471    -9277.393    121.33499  0.037400492 
 1380000   -7570.1972   -7568.6238    1.1721291    294.68651    302.49782    5.3776397    24416.663    24416.663 0.0009765625   -9287.8625   -9294.7999    60.716018  0.036409504 
 1385000    -7572.938   -7570.6392    1.3385368    291.80928    297.45116    5.2321387    24416.663    24416.663 0.0009765625   -9695.0606   -9499.9091    132.39299  0.036234039 
 1390000   -7570.6522   -7568.5746    1.3235776    288.55794    298.74922    5.1577985    24416.663    24416.663 0.0009765625   -9076.5511    -9089.076    118.70927  0.037740158 
 1395000   -7569.4519    -7568.726    1.1228299    300.21299    299.50309    4.5528301    24416.663    24416.663 0.0009765625   -9326.4293   -9213.0475    113.65006  0.037200529 
 1400000   -7566.6803    -7567.016    1.5207043    306.17664    299.96408    4.8861236    24416.663    24416.663 0.0009765625   -9021.9793   -8786.7698    247.01202  0.038049522 
 1405000   -7569.2303   -7569.8462    1.8375604    296.99984    297.20924    5.5737824    24416.663    24416.663 0.0009765625   -9088.8317   -9172.9075    158.32329  0.036163435 
 1410000    -7567.289    -7568.513    1.6353112    305.32437    300.49573    5.6981481    24416.663    24416.663 0.0009765625   -9022.5852   -9100.1966    201.16356   0.03574048 
 1415000   -7565.7927   -7568.2562    1.4980756    311.28423    300.71275    4.8855372    24416.663    24416.663 0.0009765625   -9200.6537   -9126.5866    204.02627  0.035830349 
 1420000   -7569.9302   -7571.4036    1.1543004    303.02842    298.19961     5.271365    24416.663    24416.663 0.0009765625   -9551.5632   -9634.5473    135.30623  0.035265952 
 1425000   -7571.1381   -7569.8507    1.2922855    293.06851    298.50189    3.9722635    24416.663    24416.663 0.0009765625   -9393.1346   -9382.5094    132.07625  0.035405797 
 1430000   -7569.5271   -7568.3598    1.2833351    302.29843    302.21457    4.7450398    24416.663    24416.663 0.0009765625   -9445.6814   -9173.4279    94.792441  0.037765669 
 1435000   -7570.1261   -7566.1385    1.9015314    294.53934     299.7983    4.5629448    24416.663    24416.663 0.0009765625    -9245.391   -8599.5414    245.38972   0.03707491 
 1440000   -7567.3987   -7568.4871    1.5502158    301.76312    300.50865    4.4315853    24416.663    24416.663 0.0009765625   -8826.0573   -9087.4835    262.12229  0.037407006 
 1445000   -7573.3538   -7570.7369    1.6488454    291.18164    299.33442    5.5839335    24416.663    24416.663 0.0009765625   -9768.8319   -9540.3317    186.64354  0.037191166 
 1450000   -7569.4181   -7568.0118    1.3215174    305.62027     300.3688    3.2812956    24416.663    24416.663 0.0009765625   -9536.1379    -9046.116    242.00794  0.038877397 
 1455000    -7566.504    -7569.226    1.7805227    306.86927    299.12331    6.3042918    24416.663    24416.663 0.0009765625   -8855.9454     -9193.27    283.84148  0.038753857 
 1460000   -7571.7796   -7568.4884    1.7580838    291.49686    298.22676    5.4525368    24416.663    24416.663 0.0009765625   -9533.0066   -9116.6631     207.3513  0.040468661 
 1465000   -7568.8358   -7568.9284    1.2632783    300.37285    298.89026    4.9770495    24416.663    24416.663 0.0009765625   -9291.1991   -9315.7934    125.18497  0.039834665 
 1470000   -7568.9935   -7569.3077    1.3888164    303.02861    298.29037    4.9985288    24416.663    24416.663 0.0009765625   -9436.9337   -9250.7249     113.7694  0.038917997 
 1475000   -7569.1234    -7569.071   0.81419005    294.06177    298.99778    3.2346722    24416.663    24416.663 0.0009765625    -8978.266   -9176.1905    105.23829  0.037923591 
 1480000   -7567.7797   -7569.8674    1.5735457    298.00691    298.73536    5.1737973    24416.663    24416.663 0.0009765625   -8941.7258   -9404.9379    207.60713  0.038401993 
 1485000   -7571.5441   -7569.2699    1.4316731    292.45831    301.18196    5.6253985    24416.663    24416.663 0.0009765625   -9475.8617   -9371.7307    87.314206  0.037642551 
 1490000   -7570.6286   -7569.0231    2.0760466    298.74308    298.84127    6.4186301    24416.663    24416.663 0.0009765625   -9398.9642    -9131.502    193.60601  0.037575883 
 1495000   -7566.0771   -7567.2604    1.3146774    306.35759    302.05976    5.2044278    24416.663    24416.663 0.0009765625   -8943.0594   -8900.5056    121.09025  0.037628701 
 1500000   -7570.0712   -7568.6252    1.0773378    291.41524    299.53488       5.3256    24416.663    24416.663 0.0009765625   -9164.1817   -9152.1713    157.30015  0.037956144 
 1505000   -7569.7425   -7570.6119    1.3282993    299.68953    298.43784    4.8595035    24416.663    24416.663 0.0009765625   -9278.5409   -9479.5816    151.71445  0.036748196 
 1510000   -7569.2163   -7569.4358    2.5065136    305.25557    300.00621    6.4269429    24416.663    24416.663 0.0009765625   -9532.6773   -9359.0837    326.83686  0.037016792 
 1515000   -7567.9538   -7567.5777    1.6097327    301.73713    300.76294    6.1263174    24416.663    24416.663 0.0009765625   -9002.5273   -8917.5848    149.88659  0.038311918 
 1520000   -7566.2148   -7568.4779    1.5502857    310.87736    300.65665    6.3688536    24416.663    24416.663 0.0009765625   -9129.9737   -9109.4194     123.8965   0.03864408 
 1525000   -7568.8307   -7567.3231    1.0426002    295.54567     298.2424    5.2279939    24416.663    24416.663 0.0009765625   -9034.3977   -8822.5759    156.99133  0.038857935 
 1530000   -7569.2773   -7570.1722    1.3904088    295.01183    300.25385    5.0841891    24416.663    24416.663 0.0009765625   -9065.0266   -9439.5282    263.07807  0.038100506 
 1535000   -7565.8127   -7567.5632    1.3134876    305.52336    300.83967     4.370324    24416.663    24416.663 0.0009765625   -8752.1467   -8980.1981    152.13662  0.038198999 
 1540000   -7565.0022   -7566.8062    1.3434466    306.19616      301.059    5.7850313    24416.663    24416.663 0.0009765625   -8782.3282   -8875.5833     198.2246  0.038307763 
 1545000   -7568.3139   -7570.3279    1.4112048    307.10299    297.32059    5.5929584    24416.663    24416.663 0.0009765625    -9448.677   -9416.0065    115.80937  0.038443507 
 1550000   -7567.1967   -7569.0163    1.3727718    304.90428    299.35244    4.2451694    24416.663    24416.663 0.0009765625   -9044.3234   -9251.5085    263.81993  0.038433778 
 1555000    -7566.148   -7567.9451    1.9353391     307.8498    302.68943     6.148301    24416.663    24416.663 0.0009765625   -8927.1721   -9028.2406    208.47852  0.037365439 
 1560000   -7567.1642    -7569.715     1.367964    313.38406    300.38064    5.6531581    24416.663    24416.663 0.0009765625   -9440.0466   -9372.0872    99.866987  0.035788757 
 1565000   -7567.5927   -7568.7596    1.6137494    305.93193    301.58704    5.3801395    24416.663    24416.663 0.0009765625   -9183.8983   -9260.9927    345.49342  0.038529072 
 1570000   -7567.6432   -7568.8364    1.0713603    302.94523    299.79382    4.7827763    24416.663    24416.663 0.0009765625   -8995.7278   -9059.4057    79.669898  0.038908207 
 1575000   -7563.3851   -7567.4525    1.3732907    310.24698    298.39268    4.4719753    24416.663    24416.663 0.0009765625   -8476.5275   -8815.7748    197.07454    0.0381051 
 1580000   -7572.8474   -7569.5017    1.4417298     287.1069    299.71378    5.6477058    24416.663    24416.663 0.0009765625   -9518.3728   -9332.0973    129.84938  0.037927835 
 1585000   -7567.6779   -7568.4014    1.2796828    296.73274    300.40868    4.5240142    24416.663    24416.663 0.0009765625   -8789.0917   -9110.2881    142.13469  0.037825562 
 1590000   -7566.9426   -7570.2601    2.0186778    307.28272     301.4711    4.3465797    24416.663    24416.663 0.0009765625   -9073.0582    -9518.022    399.76355  0.038375422 
 1595000   -7571.6676   -7572.0364    1.5627685    300.18267    299.23872    7.4542173    24416.663    24416.663 0.0009765625   -9741.8691   -9853.0412    188.62148   0.03729013 
 1600000   -7566.3608   -7567.5187    1.2279828    307.87232    302.93278     4.247921    24416.663    24416.663 0.0009765625   -9008.4004   -9056.1615    105.29028  0.035522152 
 1605000    -7568.836   -7568.4875    2.0712597    298.98518     302.2215    5.7020198    24416.663    24416.663 0.0009765625   -9153.9723   -9163.9732    221.68545  0.036636657 
 1610000   -7567.1125   -7568.3554    1.6083728    306.61239    303.82114    6.9825459    24416.663    24416.663 0.0009765625    -9217.273   -9323.9628    108.47962  0.038331699 
 1615000   -7567.1867   -7569.9313    2.6292009    298.22683     301.1909    6.0457892    24416.663    24416.663 0.0009765625   -8810.7885   -9550.0077    403.26024  0.037454768 
 1620000   -7571.6415   -7570.2601    1.5051555    298.80285    297.59711    5.5377782    24416.663    24416.663 0.0009765625   -9697.0943   -9290.5629    157.06253  0.035608794 
 1625000    -7570.874   -7568.0372     1.574833     298.5219    299.55347    4.0959981    24416.663    24416.663 0.0009765625   -9535.1236   -8918.8881    246.29594  0.034631685 
 1630000   -7568.9723   -7568.4135    1.0569539    293.93055    297.77096    4.9083441    24416.663    24416.663 0.0009765625   -8954.6538   -9046.3886    97.195309  0.036099001 
 1635000    -7570.233   -7568.0696    1.4275073    296.11907    298.36699    4.7324963    24416.663    24416.663 0.0009765625   -9395.8671   -9100.4272    110.63064  0.037249219 
 1640000    -7566.817   -7567.5062    1.5046936    306.23201    300.31575    4.1765544    24416.663    24416.663 0.0009765625   -9071.7764   -8916.9364    151.09854  0.037474185 
 1645000   -7570.1542   -7565.7627    1.6123698    288.63922    304.69276    5.5211142    24416.663    24416.663 0.0009765625    -8911.235   -8709.4682    147.22157  0.037364558 
 1650000   -7572.3098   -7569.7046    1.8051813    296.37897    298.68071    5.4251019    24416.663    24416.663 0.0009765625   -9736.3798   -9355.0814    222.47698  0.036802067 
 1655000   -7569.2755   -7568.4027    1.2790072    298.82448    298.35148    4.3768423    24416.663    24416.663 0.0009765625   -9221.2314   -9050.9489    122.68411  0.037427002 
 1660000   -7569.6845   -7567.2116    1.4987544      301.028    304.81825    4.5258455    24416.663    24416.663 0.0009765625   -9371.0798   -8975.4632    220.88992  0.036760485 
 1665000   -7565.0623   -7566.4781     1.609999    304.91497     303.1733    6.1647804    24416.663    24416.663 0.0009765625   -8602.8689   -8809.9303    197.37501  0.037633546 
 1670000   -7565.6046   -7567.9224    1.5480103    314.33783    302.34409    5.6243574    24416.663    24416.663 0.0009765625   -9201.6251   -9185.4735    141.64342  0.036196567 
 1675000   -7567.2718   -7566.6417    1.2293211    299.67784    299.43764    4.6995321    24416.663    24416.663 0.0009765625   -8794.2439   -8695.7863    150.69357  0.036734366 
 1680000   -7570.0028   -7570.4863    1.1704432    297.30633    298.30881    4.0500968    24416.663    24416.663 0.0009765625   -9256.3824   -9464.6399    143.35102  0.036716174 
 1685000   -7571.3125   -7569.5794    1.9550174    296.64246      302.416    5.3003068    24416.663    24416.663 0.0009765625   -9456.8966   -9473.8556    173.64792  0.036817699 
 1690000   -7570.1136   -7569.7455    1.5370321    302.81497     300.5067    4.4512264    24416.663    24416.663 0.0009765625   -9724.1684   -9459.3364    211.82798   0.03861151 
 1695000    -7564.778   -7567.1333    1.5304266    308.09059    299.38599    6.4681167    24416.663    24416.663 0.0009765625   -8680.1889   -8768.2116    129.80626  0.038921179 
 1700000   -7568.5863   -7568.4742    1.6366627     293.9175    302.90348    6.5099856    24416.663    24416.663 0.0009765625   -8782.1382   -9308.0594    219.31225  0.038839739 
 1705000   -7565.8772   -7566.8739    1.2517049    304.84165    300.95841    5.8272029    24416.663    24416.663 0.0009765625   -8765.6018    -8785.284    133.90108  0.037214396 
 1710000   -7571.9684   -7569.4537    1.4664406    291.04911    300.04355    6.2798374    24416.663    24416.663 0.0009765625   -9465.9076   -9363.1612    204.85169  0.038139432 
 1715000   -7570.8962   -7569.8306    1.1450348    296.62904    298.07006    4.2302105    24416.663    24416.663 0.0009765625   -9483.2863   -9318.7483    133.45403  0.038548771 
 1720000   -7569.4401   -7569.1947    1.5283741    293.96862    300.19879     6.143974    24416.663    24416.663 0.0009765625   -9113.1231   -9311.0972    113.69118  0.038903664 
 1725000   -7568.9843   -7568.8131    1.3700684    301.90686    299.79276    5.5112528    24416.663    24416.663 0.0009765625   -9404.1238   -9227.2512    133.04176  0.039089956 
 1730000    -7568.673    -7570.129    1.3711522    304.78189    300.39839    5.9254939    24416.663    24416.663 0.0009765625   -9363.4454   -9473.1251     122.9903   0.03841833 
 1735000   -7571.6587   -7568.6229    1.2898534    292.38086    300.91577    5.9388014    24416.663    24416.663 0.0009765625   -9372.6591   -9186.6786    88.090973  0.037550423 
 1740000    -7570.626   -7569.1654    1.4212552     294.9506    299.49193    3.8777497    24416.663    24416.663 0.0009765625   -9445.7057    -9295.897    198.21115  0.037342665 
 1745000   -7566.8621   -7566.6975    1.3794317    302.44313    302.11473     5.729173    24416.663    24416.663 0.0009765625   -8843.9564   -8795.8998    154.23045  0.037193642 
 1750000    -7566.007   -7569.6307    1.9958277    306.66358    300.74429     7.100492    24416.663    24416.663 0.0009765625   -8814.9703   -9410.7446    237.48118   0.03933268 
 1755000     -7566.42   -7568.5066    1.3033962    308.00181    298.89333    5.1690873    24416.663    24416.663 0.0009765625   -9102.7783   -9152.0466     122.4241  0.039211422 
 1760000   -7569.8207   -7571.0986    1.1963083    302.78398    297.71801    6.6774805    24416.663    24416.663 0.0009765625   -9520.9614   -9594.2998    202.00553  0.037815888 
 1765000   -7568.5129   -7568.9917    1.5995075    306.33898    299.73917    4.3889124    24416.663    24416.663 0.0009765625    -9340.837   -9149.2771     195.2695   0.03782257 
 1770000   -7571.9717   -7568.6354    1.8885167    291.00205    300.32587    6.0470739    24416.663    24416.663 0.0009765625    -9368.185   -9142.6348    213.41242  0.038606473 
 1775000   -7569.4874   -7568.9026    1.2050273    296.44152    300.38774    4.7282707    24416.663    24416.663 0.0009765625   -9174.1544   -9270.4307    142.26968   0.03934023 
 1780000   -7568.6079   -7567.2977     2.043862    302.49659    300.48182     4.095319    24416.663    24416.663 0.0009765625    -9265.048   -8836.0993    306.07943  0.038393826 
 1785000   -7568.9592   -7569.3705    1.6438846    308.00321    300.29063    4.0202411    24416.663    24416.663 0.0009765625   -9643.4387   -9356.4745    317.44495  0.037563927 
 1790000   -7566.5696   -7568.2797    1.4667607    300.59735    300.42666    5.1395171    24416.663    24416.663 0.0009765625   -8734.8427   -9136.0532    187.71918  0.038325246 
 1795000   -7567.8217   -7567.5773    1.1569049    299.83227    301.32951    4.9205877    24416.663    24416.663 0.0009765625   -9039.9537   -9022.4485    96.715212  0.038195718 
 1800000   -7570.0246   -7569.3813    1.3994995    299.73272     300.5585    5.4929207    24416.663    24416.663 0.0009765625   -9454.4083   -9345.2996    85.635856  0.038716254 
 1805000   -7562.7562   -7566.9304    1.8081374    313.17407    300.90432    5.0942351    24416.663    24416.663 0.0009765625   -8440.1382   -8780.8858    274.91433  0.040359733 
 1810000   -7571.4273   -7567.0993    1.7530208    291.28846    301.99953    5.0106822    24416.663    24416.663 0.0009765625   -9356.9897   -8920.3406    210.71424  0.039624842 
 1815000   -7564.9332   -7567.2878    1.5475553    306.01002    296.90764    4.2011223    24416.663    24416.663 0.0009765625   -8482.9491   -8670.2788    277.34587  0.038307534 
 1820000   -7568.1192   -7568.8896    1.4149656    301.69781    299.43267    5.2977202    24416.663    24416.663 0.0009765625   -9126.8953    -9219.152    133.32019  0.036917585 
 1825000   -7568.0492   -7569.5602    1.4240653    303.97801    297.94562    4.7000874    24416.663    24416.663 0.0009765625   -9215.4967   -9246.5865    113.25089  0.037974367 
 1830000   -7570.7659   -7569.2758    1.4762692    293.19995    299.98056    4.9798592    24416.663    24416.663 0.0009765625   -9286.9699    -9228.209     138.9543   0.03861225 
 1835000   -7570.1905   -7568.6063     1.326543    293.09245     299.1036    5.1939398    24416.663    24416.663 0.0009765625   -9174.9844   -9091.5905    214.53032  0.037716986 
 1840000   -7564.9248   -7565.6092    1.0334569    305.73099    300.07635    4.5102245    24416.663    24416.663 0.0009765625   -8513.7048   -8492.5407     88.68019  0.038713663 
 1845000   -7567.4701   -7567.8888      1.32615     297.6512    299.15985     4.954704    24416.663    24416.663 0.0009765625   -8656.5034   -8921.7762     219.0441  0.036933937 
 1850000   -7570.9976   -7569.7144    1.8303569    299.43352    298.35201     3.718636    24416.663    24416.663 0.0009765625   -9632.0579   -9329.9747    289.82125  0.036904448 
 1855000   -7569.3225   -7566.9985    1.7319897    288.37541    302.82999    6.4760744    24416.663    24416.663 0.0009765625   -8643.8164   -8934.0471    215.80024  0.040296914 
 1860000   -7568.7266   -7569.9201    1.2823309    297.11378    296.35545    4.8153086    24416.663    24416.663 0.0009765625   -9055.9775   -9289.9283    114.51165  0.038172909 
 1865000   -7568.8648   -7568.7255    1.4092206    294.89528    298.90136    5.1982899    24416.663    24416.663 0.0009765625     -9002.94     -9138.55    143.68587  0.038527712 
 1870000   -7568.0366   -7567.9123     1.223833    304.63406    298.88832    4.8384758    24416.663    24416.663 0.0009765625   -9273.4569    -8974.999    152.30515  0.037708662 
 1875000   -7565.3082   -7566.5005    1.3546488    304.80782    301.73013    5.4536684    24416.663    24416.663 0.0009765625   -8532.6846   -8751.4869     209.6906  0.037370252 
 1880000   -7572.0805   -7569.6311    1.7601939     297.9592    301.64259    4.4823593    24416.663    24416.663 0.0009765625    -9917.734   -9569.3668    220.74802  0.036801479 
 1885000   -7573.7069   -7572.2295    1.2214669     295.3423    296.28187    4.6481643    24416.663    24416.663 0.0009765625   -9968.9812   -9762.7137    183.09304  0.036706038 
 1890000    -7567.585   -7567.8022    1.4077348    300.30494    298.40073    4.8528648    24416.663    24416.663 0.0009765625   -8929.9097   -8920.9748    157.16144  0.038591898 
 1895000   -7572.6533   -7568.6861    1.9229633    288.50148    298.66402    4.9408166    24416.663    24416.663 0.0009765625   -9487.6976   -9067.1194    360.46821  0.038145669 
 1900000   -7568.6324   -7569.4064    1.1815355    300.66694    299.66531    3.6814015    24416.663    24416.663 0.0009765625   -9294.0718   -9360.0494    159.00644  0.039269859 
 1905000   -7569.7078   -7568.7823    1.3417151    297.53185    299.62226    4.4586187    24416.663    24416.663 0.0009765625   -9171.0054   -8979.5948    171.52212  0.038752115 
 1910000    -7564.959   -7568.1099    1.9088351    308.48882    301.32948    4.9125321    24416.663    24416.663 0.0009765625   -8721.0671   -9084.3823    285.60957   0.03758584 
 1915000   -7570.5512   -7567.7022    1.7764503    297.35169    300.27313     3.676583    24416.663    24416.663 0.0009765625   -9477.6813   -8934.1591    320.82336  0.037937747 
 1920000   -7570.0607   -7568.6805    1.1669228    296.06312    299.51047    4.9203891    24416.663    24416.663 0.0009765625   -9362.4623   -9195.1668    99.641519  0.037688406 
 1925000   -7572.5532   -7570.9805    1.5027668    296.63791    298.78581    4.4628409    24416.663    24416.663 0.0009765625   -9814.2947   -9564.5091    183.89752  0.037325985 
 1930000   -7571.9268   -7569.8942    1.4332783    294.36083    299.05093    5.7825216    24416.663    24416.663 0.0009765625   -9643.7341   -9431.5814    221.82141  0.038547392 
 1935000   -7568.6285   -7569.6418     1.709157    301.70249    298.10795    5.0111868    24416.663    24416.663 0.0009765625   -9219.2582   -9283.2403    200.88885   0.03863017 
 1940000   -7567.5062   -7566.8692    1.6487246    296.17318    300.61561    5.2426265    24416.663    24416.663 0.0009765625   -8769.1139   -8868.4277    211.68378   0.03776568 
 1945000   -7567.5699   -7567.5048    1.3944399    307.08149    301.74644    6.2416359    24416.663    24416.663 0.0009765625   -9232.7637   -8898.7934    214.86769  0.035616481 
 1950000   -7566.7131   -7568.0068     1.290031    303.52376    301.91954    4.3425221    24416.663    24416.663 0.0009765625   -8866.4522   -9097.5506    131.55287  0.036035519 
 1955000   -7571.1471   -7570.1232    1.2259509    289.24234    297.68411    5.0552419    24416.663    24416.663 0.0009765625   -9178.5601   -9331.5784    73.088362  0.037123124 
 1960000   -7564.4989   -7567.1178    1.4046029    306.82899    299.40625    4.6013553    24416.663    24416.663 0.0009765625   -8559.6049   -8799.9478    211.63488  0.037425457 
 1965000   -7567.8933   -7568.2795    1.3414609    304.75778    300.57075    5.1130979    24416.663    24416.663 0.0009765625   -9283.3393   -9144.1459    104.64846  0.037347699 
 1970000   -7571.1617   -7569.9681    1.5753264    296.33117    297.63555    4.9952968    24416.663    24416.663 0.0009765625    -9534.108   -9257.9637    177.18181  0.037520684 
